# xs μloc ρ χ_N χ_cluster
0.005	-Inf	0.0	0.0	0.0
0.015	-Inf	0.0	0.0	0.0
0.025	-Inf	0.0	0.0	0.0
0.035	-Inf	0.0	0.0	0.0
0.045	-Inf	0.0	0.0	0.0
0.055	-Inf	0.0	0.0	0.0
0.065	-Inf	0.0	0.0	0.0
0.075	-Inf	0.0	0.0	0.0
0.085	-Inf	0.0	0.0	0.0
0.095	-Inf	0.0	0.0	0.0
0.105	-Inf	0.0	0.0	0.0
0.115	-Inf	0.0	0.0	0.0
0.125	-Inf	0.0	0.0	0.0
0.135	-Inf	0.0	0.0	0.0
0.145	-Inf	0.0	0.0	0.0
0.155	-Inf	0.0	0.0	0.0
0.165	-Inf	0.0	0.0	0.0
0.175	-Inf	0.0	0.0	0.0
0.185	-Inf	0.0	0.0	0.0
0.195	-Inf	0.0	0.0	0.0
0.205	-Inf	0.0	0.0	0.0
0.215	-Inf	0.0	0.0	0.0
0.225	-Inf	0.0	0.0	0.0
0.235	-Inf	0.0	0.0	0.0
0.245	-Inf	0.0	0.0	0.0
0.255	-Inf	0.0	0.0	0.0
0.265	-Inf	0.0	0.0	0.0
0.275	-Inf	0.0	0.0	0.0
0.285	-Inf	0.0	0.0	0.0
0.295	-Inf	0.0	0.0	0.0
0.305	-Inf	0.0	0.0	0.0
0.315	-Inf	0.0	0.0	0.0
0.325	-Inf	0.0	0.0	0.0
0.335	-Inf	0.0	0.0	0.0
0.345	-Inf	0.0	0.0	0.0
0.355	-Inf	0.0	0.0	0.0
0.365	-Inf	0.0	0.0	0.0
0.375	-Inf	0.0	0.0	0.0
0.385	-Inf	0.0	0.0	0.0
0.395	-Inf	0.0	0.0	0.0
0.405	-Inf	0.0	0.0	0.0
0.415	-Inf	0.0	0.0	0.0
0.425	-Inf	0.0	0.0	0.0
0.435	-Inf	0.0	0.0	0.0
0.445	-Inf	0.0	0.0	0.0
0.455	-Inf	0.0	0.0	0.0
0.465	-Inf	0.0	0.0	0.0
0.475	-Inf	0.0	0.0	0.0
0.485	-Inf	0.0	0.0	0.0
0.495	-Inf	0.0	0.0	0.0
0.505	-Inf	0.0	0.0	0.0
0.515	-Inf	0.0	0.0	0.0
0.525	-Inf	0.0	0.0	0.0
0.535	-Inf	0.0	0.0	0.0
0.545	-Inf	0.0	0.0	0.0
0.555	-Inf	0.0	0.0	0.0
0.565	-Inf	0.0	0.0	0.0
0.575	-Inf	0.0	0.0	0.0
0.585	-Inf	0.0	0.0	0.0
0.595	-Inf	0.0	0.0	0.0
0.605	-Inf	0.0	0.0	0.0
0.615	-Inf	0.0	0.0	0.0
0.625	-Inf	0.0	0.0	0.0
0.635	-Inf	0.0	0.0	0.0
0.645	-Inf	0.0	0.0	0.0
0.655	-Inf	0.0	0.0	0.0
0.665	-Inf	0.0	0.0	0.0
0.675	-Inf	0.0	0.0	0.0
0.685	-Inf	0.0	0.0	0.0
0.695	-Inf	0.0	0.0	0.0
0.705	-Inf	0.0	0.0	0.0
0.715	-Inf	0.0	0.0	0.0
0.725	-Inf	0.0	0.0	0.0
0.735	-Inf	0.0	0.0	0.0
0.745	-Inf	0.0	0.0	0.0
0.755	-Inf	0.0	0.0	0.0
0.765	-Inf	0.0	0.0	0.0
0.775	-Inf	0.0	0.0	0.0
0.785	-Inf	0.0	0.0	0.0
0.795	-Inf	0.0	0.0	0.0
0.805	-Inf	0.0	0.0	0.0
0.815	-Inf	0.0	0.0	0.0
0.825	-Inf	0.0	0.0	0.0
0.835	-Inf	0.0	0.0	0.0
0.845	-Inf	0.0	0.0	0.0
0.855	-Inf	0.0	0.0	0.0
0.865	2.4220969821041765	1.9051419512983219	0.4943460730883924	-0.14956063730572478
0.875	2.4152146124996223	1.879916663749026	0.48354753786071747	-0.15172840962236656
0.885	2.408438135156263	1.8556897014037437	0.4779798934194588	-0.14921091720938762
0.895	2.401776119291874	1.8106033666619281	0.4610064821564652	-0.13638009584164923
0.905	2.3952371537011947	1.7783054371743403	0.44428192386607	-0.14095962547670293
0.915	2.388829840512394	1.7627189091652018	0.4276133358071199	-0.14768546659618753
0.925	2.3825627889205903	1.7401933179422522	0.4220364769025906	-0.14488623402116652
0.935	2.3764446089025526	1.712957319066563	0.4120381603216199	-0.1390839996885065
0.945	2.3704839049167217	1.6832114462624743	0.40320904691741255	-0.13415053535662835
0.955	2.3646892695927324	1.6566011582540896	0.38353354591609445	-0.14441410282909928
0.965	2.3590692774145796	1.6381883856533075	0.37861468193396597	-0.13648927569079827
0.975	2.3536324784016216	1.6014401755027587	0.36509385278378303	-0.13560872356258002
0.985	2.34838739179159	1.5859520739221848	0.3560096674678803	-0.11692232969677363
0.995	2.3433424997297907	1.5604947812198438	0.3477535801863194	-0.10502542000493698
1.005	2.338506240968666	1.5414844195884903	0.33626610023605785	-0.09714842057577311
1.015	2.3338870045818947	1.5243793123957823	0.3293823745410229	-0.09152459286622161
1.025	2.329493123697196	1.499575852397478	0.3200348842856702	-0.070236009343561
1.035	2.32533286925199	1.4781259214295568	0.3166737086040339	-0.05404905811749128
1.045	2.321414443776063	1.4544051521454642	0.30600949352799134	-0.04666319514473738
1.055	2.317745975205356	1.4338551199529914	0.2916262497168489	-0.036066635552924
1.065	2.314335510730994	1.4129395038829928	0.2938774835203084	-0.02619659139392816
1.075	2.311191010687647	1.4007979008736189	0.2841670682203574	-0.012423810774966793
1.085	2.3083203424852687	1.3750312679672172	0.2750076444590839	-0.0048456152913352035
1.095	2.3057312745882954	1.3590018210295376	0.27162617601746675	0.011599813467399578
1.105	2.3034314705462586	1.3476124771527653	0.26052761574241146	0.009775141018165012
1.115	2.301428483079857	1.3279201609806421	0.25984604257323696	0.026954274651003196
1.125	2.299729748226373	1.315145816644781	0.2577911569824973	0.043524577248209795
1.135	2.2983425795483914	1.294300505166614	0.2415562600938479	0.0435911034102725
1.145	2.297274162409673	1.2884511631261977	0.2411691333742425	0.061466663217875084
1.155	2.2965315483220143	1.2674863338419167	0.2343236843524572	0.06736593541934299
1.165	2.2961216493668903	1.2663614603726059	0.22838961957946324	0.07282831531941047
1.175	2.2960512326956053	1.2372061461399053	0.22241312676910496	0.07650013860415417
1.185	2.2963269151116776	1.208093014662304	0.2116723688083546	0.07754635978439195
1.195	2.296955157739055	1.1768988672664773	0.19568868809625695	0.08041399372419988
1.205	2.297942260779801	1.147131903084839	0.19143872576199072	0.08121516847094812
1.215	2.2992943583647434	1.1169642027297586	0.17791752570200714	0.08232834946218226
1.225	2.3010174135005896	1.0900164526805804	0.16748908049763056	0.08544155061199143
1.235	2.3031172131169138	1.0586746656419068	0.15923406850128874	0.08123382459725148
1.245	2.305599363216369	1.0311574483988903	0.1494940319897049	0.08988156556298854
1.255	2.308469284131421	1.012843102226673	0.13828847478218442	0.0844104929953553
1.265	2.3117322058908294	0.9778103241168231	0.1327739500295113	0.08334070596175902
1.275	2.3153931636990093	0.964529786719772	0.13155517680854167	0.09539416095835085
1.285	2.043837895389224	0.7142735616348405	0.09095723411093903	0.06596779914010509
1.295	2.0543886879534794	0.6960224895952719	0.08504567670249141	0.07619791114396257
1.305	2.0653514097851624	0.6902504826058706	0.07949905236848842	0.06929687824262953
1.315	2.076730273949408	0.6670288759237848	0.07558067745577812	0.07299323960101312
1.325	2.08852927788271	0.66076473679156	0.06893055414892313	0.07192077125393892
1.335	2.100752199611822	0.6457125236803442	0.06779435348254914	0.07944914663740255
1.345	2.113402594105593	0.6310258944466544	0.06097713060899057	0.07238466689350576
1.355	2.1264837897621978	0.6173868036312603	0.05708407655195158	0.07624706215292831
1.365	2.1399988850342897	0.598742025877433	0.051642380312067804	0.07689912767871743
1.375	2.153950745194372	0.5967594363877725	0.05228951964061812	0.07966677746606621
1.385	2.168341999242717	0.5815244313377937	0.04896353653226271	0.08118643640901713
1.395	2.1831750369599927	0.5712177781752331	0.038945638017983786	0.07542823453164194
1.405	2.19845200610669	0.5535924170029687	0.03549146873938014	0.0755403131993515
1.415	2.214174809771378	0.5502248270542193	0.03931184933427989	0.08506752808495754
1.425	2.2303451038696562	0.53818165047341	0.033480784787833784	0.08646382557954735
1.435	2.2469642947956707	0.5276359616986208	0.030683707110117364	0.08948159705669179
1.445	2.2640335372278435	0.5159653994545207	0.024504621342906763	0.08476557654705119
1.455	2.2815537320905124	0.5075218179755061	0.022701746928203814	0.0878655692886845
1.465	2.299525524672926	0.496505088435443	0.021814915125539347	0.0930825679669729
1.475	2.3179493029070755	0.48283787578331616	0.015895498039864897	0.0920375197829153
1.485	2.3368251958056447	0.4716594456820396	0.013575851245318571	0.09211595854482013
1.495	2.3561530720613213	0.45587606481577175	0.010471944381982734	0.09390975342008478
1.505	2.375932538808576	0.45056806813246114	0.010512661195834383	0.10069652772342486
1.515	2.396162940548912	0.44439532496961787	0.009242493982125843	0.09906397479072804
1.525	2.4168433582405333	0.43324501670507404	0.004632508277734537	0.09955036311886944
1.535	2.437972608553184	0.4182349863489574	-0.0004875765696961132	0.09687430139834574
1.545	2.45954924328891	0.4129199592064636	-0.003614479313841734	0.09868170725178627
1.555	2.4815715489693027	0.4005463510440443	-0.006669628045507636	0.09547266212624694
1.565	2.504037546589735	0.3881164992081594	-0.006191637375778658	0.09898437011261718
1.575	2.5269449915409714	0.382998324922795	-0.010207303408243273	0.1017843512461678
1.585	2.550291373698407	0.3679109595156632	-0.014203374212429232	0.09458192835903234
1.595	2.5740739176791543	0.36027588084271583	-0.017257633310005183	0.09397334037847183
1.605	2.5982895832669763	0.3487881105373788	-0.01770358520690518	0.09752984416633137
1.615	2.622935066005094	0.34281925069084807	-0.020547587783324772	0.09381935919888806
1.625	2.6480067979566524	0.3319782826303648	-0.020942890732718045	0.09063786010312835
1.635	2.67350094863264	0.3239143459472426	-0.024024924513990076	0.09159954762723321
1.645	2.699413426086868	0.3144091651315659	-0.026397559310780805	0.08765690259745562
1.655	2.7257398781775466	0.3076458633973344	-0.030112580485713636	0.08412228407945732
1.665	2.7524756939948998	0.298225048091856	-0.031137625226887344	0.08171282795244994
1.675	2.779616005454092	0.2886776845210802	-0.035396809260587636	0.07927794201704996
1.685	2.807155689052749	0.28178783452155126	-0.03485853069794609	0.07538043164986585
1.695	2.835089367792091	0.2692806476346512	-0.03777008078058253	0.06754623306192731
1.705	2.863411413260783	0.26376173717584483	-0.03800142183557642	0.06454172095058575
1.715	2.8921159478802974	0.254397165543832	-0.037954655213154	0.06106400089495578
1.725	2.9211968473106706	0.24755652875858541	-0.040271474436697874	0.05406462054700789
1.735	2.9506477430152906	0.23947853115709689	-0.04169511524267411	0.04889917142615452
1.745	2.980462024983337	0.23022644687201513	-0.04586026099466434	0.041323425401168845
1.755	3.0106328446083523	0.22446850080098021	-0.04400301641682702	0.03989569644075708
1.765	3.0411531177213207	0.21867540243402933	-0.04410574320135363	0.03627950839256233
1.775	3.0720155277765917	0.212938547740544	-0.050047599999361925	0.029035969273062845
1.785	3.1032125291887724	0.20401689503707232	-0.04968401447479498	0.024926631480529426
1.795	3.1347363508187573	0.1979707001395265	-0.049709662344821215	0.02061981202987917
1.805	3.1665789996068336	0.1899348852931371	-0.05148243993414314	0.01552845713086659
1.815	3.19873226435082	0.18801556993612548	-0.05399894320390164	0.011520913481038786
1.825	3.231187719627014	0.18194828366103005	-0.0550768378097215	0.00537373413897918
1.835	3.2639367298516757	0.17513576871251624	-0.054115872270022125	0.004533218969119457
1.845	3.2969704534807156	0.17010899039653338	-0.05540206532140379	0.0029274543438412293
1.855	3.330279847345057	0.16632660335597563	-0.05615034065060431	-0.0007424433133783048
1.865	3.3638556711192127	0.17080500585566946	-0.05289148701758828	0.001833472703349659
1.875	3.3976884919203565	0.18652511258928858	-0.04077459551552809	0.010618349683368722
1.885	3.4317686890352554	0.20370755483301184	-0.033018233455710755	0.018048830129641424
1.895	3.4660864587721987	0.21503362457713546	-0.02889395272451134	0.01412744821078582
1.905	3.500631819435089	0.22817355279052282	-0.012616859393338453	0.03158694619718061
1.915	3.5353946164167156	0.2445334313098125	-0.007371203705593743	0.03753392179205339
1.925	3.570364527408166	0.2587419893190452	-0.0014176488007211496	0.04010985870567907
1.935	3.6055310677213086	0.27660638610353816	0.003224128824419026	0.049606457447499586
1.945	3.6408835957210925	0.2904071774801456	0.012641725117958247	0.056809299195892504
1.955	3.6764113183644933	0.3041236033465548	0.018187796509114174	0.06521380066377702
1.965	3.71210329684269	0.316672972988554	0.026353485777408814	0.07431024107551576
1.975	3.7479484523231674	0.3262343974776962	0.029172221070492554	0.07488566202376701
1.985	3.7839355717882146	0.34223572257864304	0.03498463760561954	0.08265295175833709
1.995	3.8200533139663593	0.35486242727165734	0.036359762729016865	0.08715021731690353
2.005	3.8562902153531082	0.36926783813801944	0.04157219398841727	0.09551350267357672
2.015	3.8926346963173795	0.3769310386476996	0.045338120247371716	0.09795019297537877
2.025	3.9290750672899453	0.3888406365040282	0.048198290024692	0.09943727242603928
2.035	3.9655995350300905	0.4079916073190455	0.05521532139464025	0.11109883373502605
2.045	4.002196208966742	0.4188466362978952	0.05823378101130183	0.11767965131266522
2.055	4.03885310761016	0.42338128247105455	0.05776264238579376	0.11433628656436778
2.065	4.07555816503036	0.435466641806963	0.059574670455266876	0.11764012543415925
2.075	4.11229923739826	0.4512500226732309	0.06436588752256833	0.11540341163035328
2.085	4.149064109585607	0.4564877147647095	0.06339317313684667	0.1087392130286906
2.095	4.185840501819671	0.463433808437704	0.06451726450919004	0.10050954717209004
2.105	4.22261607638859	0.47445053797776715	0.06659927437299773	0.09757041726915605
2.115	4.259378444393364	0.4858680036912723	0.06540315232052363	0.09012912744855361
2.125	4.296115172542258	0.4913869141500786	0.06965591602830479	0.08834589685614103
2.135	4.332813789983584	0.49715189068029675	0.07042494565135904	0.08349722911416002
2.145	4.369461795172574	0.5124431394037411	0.07144811971537823	0.08284971297714816
2.155	4.406046662768197	0.5272563169027283	0.07310511361673067	0.07495771401005324
2.165	4.442555850555699	0.5262790830762646	0.07249091237198702	0.07380714983499215
2.175	5.415832111183998	1.362952939090492	0.18804660768834047	0.17558636948063322
2.185	5.449547189874469	1.3770208879160608	0.1776252996953609	0.14229901943273537
2.195	5.48314893039173	1.387714216333697	0.1818614274322048	0.14689092280806104
2.205	5.516624792616589	1.401859500210281	0.17357823845698483	0.13601542208881812
2.215	5.549962254405255	1.414479174444112	0.16910010861440306	0.1190117401169819
2.225	5.583148818576525	1.4293767174532976	0.16838557966346634	0.10831513673662707
2.235	5.616172019894679	1.4358658312793846	0.16616192883376968	0.09197462115582411
2.245	5.6490194320438665	1.448710480207078	0.1621535051091012	0.08507517249912766
2.255	5.681678674589621	1.4658577701548852	0.16899040376566887	0.0807487389092918
2.265	5.7141374199232615	1.4629893428081426	0.15234874748494676	0.05823964075389476
2.275	5.74638340018488	1.4745192958685787	0.15327515678211867	0.05249342333088691
2.285	5.778404414160628	1.4786039926540138	0.1519700628085321	0.05405439215467567
2.295	5.810188334150085	1.477992342705076	0.14173778221401356	0.03434579387293368
2.305	5.841723112799414	1.4807201608681548	0.1342640400361894	0.011577820220511903
2.315	5.872996789896151	1.4762628497460106	0.12857735584328722	0.013359168482777406
2.325	5.903997499121349	1.464753988063124	0.1228679121598617	0.00012855615575979584
2.335	5.9347134747549735	1.4691831773485353	0.12127648031428429	-0.014300771110679733
2.345	5.965133058330359	1.4675872631139506	0.11152986764122375	-0.011701094621367147
2.355	5.99524470523361	1.4625534543387846	0.10273826171581568	-0.025562752951149292
2.365	6.025036991243901	1.4482956831152696	0.09679949908711905	-0.0377267987096741
2.375	6.0544986190105465	1.449483830717229	0.09900045406796387	-0.048509066995996886
2.385	6.0836184244629266	1.4416870514830684	0.08563391003013265	-0.051085477801321666
2.395	6.112385383149197	1.4365196639834217	0.07514392244775614	-0.06282304877763778
2.405	6.140788616499926	1.4205675520967571	0.07636826419719789	-0.06142405721830002
2.415	6.168817398012739	1.409368030617931	0.07298934020767334	-0.06275712033763003
2.425	6.196461159354117	1.4065277251079211	0.06842760358755307	-0.07874879989659611
2.435	6.22370949637462	1.396024219088231	0.05576917785162827	-0.08837503486000653
2.445	6.250552175033714	1.3855347739869073	0.056476450414894686	-0.08120892659755574
2.455	6.276979137230605	1.377210710314007	0.048525169816777236	-0.08820213816034306
2.465	6.3029805065373825	1.365835427355601	0.04355796534140488	-0.0882866804949316
2.475	6.3285465938309695	1.353145448529938	0.040291582663599	-0.08841316965697299
2.485	6.353667902820314	1.3461149893467452	0.032244747103368	-0.0935700468860059
2.495	6.378335135465447	1.334113995521035	0.03133739016097081	-0.09497511297550121
2.505	6.402539197284975	1.3095987843492416	0.021489466690379544	-0.08114924442107796
2.515	6.426271202548728	1.3039533256251379	0.017482640985752695	-0.09368436715648887
2.525	6.449522479352337	1.279923216136985	0.015659305857900208	-0.07219741533197599
2.535	6.472284574570554	1.2572781071079209	0.006788946453756495	-0.08524034237933265
2.545	6.494549258686236	1.2470136367004592	0.002292344574097882	-0.07535198294409406
2.555	6.516308530491976	1.2280595187425714	-0.0018310630436104702	-0.06139327045424592
2.565	6.537554621661468	1.218821495375856	-0.007556175342331883	-0.06133033110988739
2.575	6.558280001187704	1.1953678835407249	-0.006295680115228741	-0.05397436733414995
2.585	6.578477379685273	1.1793243756846787	-0.016019418132023233	-0.05311204282176796
2.595	6.598139713554067	1.1551255351761291	-0.015750190667357167	-0.047789214261083846
2.605	6.617260209001748	1.1370150723202244	-0.024226942217474345	-0.047428952282372094
2.615	6.635832325922527	1.1086823218119575	-0.02651864197216902	-0.031439686544929124
2.625	6.653849781629754	1.0924279001804156	-0.026348393878911303	-0.024205622785068215
2.635	6.6713065544400445	1.0712240352839062	-0.03510558854310286	-0.02563012875859272
2.645	6.688196887106641	1.042919406612372	-0.036994961340478305	-0.008579080750875434
2.655	6.704515290099886	1.0234731565116606	-0.039086283135336686	-0.0002795740121062096
2.665	6.720256544732756	0.9989790367174167	-0.04104132308488584	0.005164366781364116
2.675	6.735415706129439	0.9763901713618182	-0.04562695127871219	0.012763233763084969
2.685	6.749988106035169	0.9579141246283875	-0.04615887276465713	0.027624954899775123
2.695	6.763969355465462	0.9282455868753138	-0.04856128704936058	0.03939077101035293
2.705	6.777355347193154	0.8968053734080755	-0.05562668872812537	0.041379754497957055
2.715	6.790142258071626	0.8707786135118958	-0.05563662369495592	0.04731640324120434
2.725	6.802326551192768	0.8475429459114435	-0.061313408795403035	0.04231951035276449
2.735	6.813904977878318	0.8221700187193006	-0.05560223178751311	0.045203920172583345
2.745	6.824874579503291	0.7905540437724825	-0.06440355359497296	0.02910063123196549
2.755	6.835232689150374	0.758558424029772	-0.06550690680160987	0.03363981607903943
2.765	6.844976933094194	0.7357164621435786	-0.06337870261200163	0.03029061171002656
2.775	6.854105232114543	0.704592619339584	-0.07026802264054144	0.028543206530096343
2.785	6.862615802637695	0.678889260565831	-0.07297342083751523	0.025964557709436065
2.795	6.870507157705093	0.6530101403124983	-0.07205049880640946	0.022286256306330854
2.805	6.877778107768767	0.6162478692435831	-0.07481552079824505	0.014417310514260206
2.815	6.884427761312966	0.5854193057252826	-0.07413742443334126	0.016225723254353897
2.825	6.8904555253015864	0.5555328237375299	-0.07388410803305989	0.009515832510808453
2.835	6.895861105451103	0.5234739298621707	-0.07645689124311295	0.00046297054134902815
2.845	6.900644506328781	0.4941639455274398	-0.07652951719172263	-0.003343105650095435
2.855	6.904806031276112	0.4651000272641207	-0.07865166355168807	-0.004027814909898675
2.865	6.908346282157455	0.43294973741938	-0.07811160816159024	-0.01029896719184653
2.875	6.911266158934053	0.40233208767657525	-0.0789682819379216	-0.013744450689103793
2.885	6.9135668590636286	0.3690006806890581	-0.07742640967475722	-0.02073336256023328
2.895	6.9152498767259125	0.34136394563992717	-0.07451486525847262	-0.0216003679519996
2.905	6.9163170018745666	0.3088199500809276	-0.07345573548552808	-0.024415095386376207
2.915	6.916770319116054	0.2907235481433893	-0.0732139222565491	-0.029113157323165995
2.925	6.9166122064161275	0.29271316809223286	-0.06886552263947165	-0.02047559896717721
2.935	6.9158453336347065	0.28976740569447507	-0.06936610406165	-0.019677470382925777
2.945	6.914472660890036	0.28933854768430034	-0.06466941017424	-0.013094477480643962
2.955	6.9124974367531	0.2965869511021721	-0.06108513330907339	-0.0033751721210265595
2.965	6.909923196273404	0.2999404801325551	-0.055745620980210964	0.002279798132666766
2.975	6.906753758837301	0.2983586268163367	-0.05527618106815346	0.007723386828387135
2.985	6.902993225860184	0.29984205370399036	-0.050808775917990934	0.013432981359162488
2.995	6.898645978313942	0.3035260143159834	-0.04831548399574026	0.019946059488343493
3.005	6.8937166740911895	0.30734355365245714	-0.04668289755920463	0.026887106947557693
3.015	6.888210245207873	0.3146341398254281	-0.042779863854981226	0.03369959183534199
3.025	6.882131894845985	0.31682764309058425	-0.038507811794594726	0.04220665535032864
3.035	6.875487094238171	0.3194992175801975	-0.030602090847343888	0.05633416562408011
3.045	6.86828157939615	0.32552432110019375	-0.0295125214989711	0.05989737681589924
3.055	6.860521347684966	0.3318306429875177	-0.022044478751051866	0.07463381698592586
3.065	6.852212654245136	0.33914935099722143	-0.020980159772962637	0.08131290608284081
3.075	6.84336200826494	0.33980318370125834	-0.014471636369724372	0.08851107664850821
3.085	6.833976169105092	0.3450549367111034	-0.015155306536997593	0.09065965009978338
3.095	6.824062142278222	0.3495474001291636	-0.009357661746911106	0.10065630725117702
3.105	6.813627175285591	0.3616046376283393	-0.008151843951068383	0.10419196834040234
3.115	6.802678753313643	0.36798829456667836	-0.0003806320322055079	0.11122880115746847
3.125	6.791224594793016	0.3777254805354004	0.0006166110428793559	0.11362098152485034
3.135	6.779272646822746	0.3764951501783417	0.0002763415697653038	0.11179384686570004
3.145	6.766831080462495	0.38768061073880145	0.004751221799929262	0.11000177941129508
3.155	6.753908285895699	0.39764980186056886	0.009076450346863218	0.11921677200346381
3.165	6.740512867466581	0.403344473798955	0.015058103724157945	0.12270225628912956
3.175	6.726653638594155	0.4253919937974477	0.021535939914980595	0.1284700435870263
3.185	6.712339616566284	0.46832700802920624	0.035680929425955465	0.15005690164770158
3.195	6.697580017217049	0.5079225541489482	0.04739078164266397	0.16370749691654352
3.205	6.682384249490681	0.5520246246051167	0.058452142970408794	0.17824688093175833
3.215	6.666761909895438	0.5955642583266297	0.06814590137583387	0.19491986586643595
3.225	6.650722776850799	0.6322351334261636	0.08381016115082307	0.2131142040495837
3.235	6.634276804931527	0.673672659851902	0.08769385175274635	0.21681110557779681
3.245	6.617434119012083	0.7022374155132144	0.09438919723431827	0.22476382017621455
3.255	6.600205008315065	0.7394988491841363	0.10269082040997812	0.22930884823144115
3.265	6.582599920367281	0.7725349768859593	0.10772681562995423	0.23883735029437547
3.275	6.564629454867243	0.8097753191793317	0.11237492217203826	0.23666287978505718
3.285	6.546304357467843	0.84004847642216	0.12508303917671348	0.2556908927399175
3.295	6.527635513478033	0.8729088426444032	0.12514207258454046	0.2502345853336001
3.305	6.508633941487398	0.895364129275521	0.12275647473400486	0.24246787601162456
3.315	6.489310786917595	0.9248147227939157	0.1334389870502486	0.24854570518729746
3.325	6.469677315504599	0.953920823812334	0.13012897463741968	0.24809526968943185
3.335	6.449744906715772	0.9796382435044533	0.13360148827729823	0.25024866719631467
3.345	6.429525047105864	1.0047229218700853	0.13286211652515956	0.24577877137596493
3.355	6.409029323615984	1.0397767913574847	0.13715804969745538	0.2506363554947142
3.365	6.388269416819734	1.0522417954892855	0.13511777033931072	0.2501427007797443
3.375	6.3672570941206565	1.0751540619673108	0.13278262933389762	0.23591972975439512
3.385	6.346004202905145	1.0899813003846646	0.13029947816828713	0.2077484627401862
3.395	6.3245226636551415	1.118328111811298	0.1350807558657685	0.19995328864755946
3.405	6.302824463024759	1.136382330993737	0.1327555405427514	0.17857158784387872
3.415	6.280921646885194	1.154647463951672	0.12098628849740667	0.1564003323841745
3.425	6.258826313342177	1.1536139864517427	0.1179644886442599	0.14377569295491943
3.435	6.236550605730247	1.1734469118075297	0.11546921772282559	0.12390480812297566
3.445	6.214106705588239	1.1909176028777637	0.11780382513916976	0.11128805166309563
3.455	6.191506825620233	1.2003946618567076	0.11604798961155005	0.0986105082501938
3.465	6.168763202646396	1.2133658590496985	0.11769921359761071	0.09290354562629988
3.475	6.145888090547974	1.2204455314471736	0.10900579448485193	0.0704855244578746
3.485	6.122893753210867	1.2357859933849002	0.10522643356894079	0.05434143880012954
3.495	6.099792457472059	1.2440959961394342	0.0919238406643288	0.03008768305641052
3.505	6.07659646607333	1.2488556170064558	0.09132481912616086	0.01856935774695101
3.515	6.053318030626514	1.2656865362910195	0.08447309358240673	0.0024630894073429666
3.525	6.029969384594727	1.2714515128212376	0.08505230080751325	-0.0033698426202848353
3.535	6.0065627362937715	1.2724849903211668	0.08175371785497099	-0.01582988155666243
3.545	5.983110261918156	1.2820815671062251	0.07455955252144086	-0.025636462540177263
3.555	5.95962409859594	1.2856460099121039	0.07425147608690175	-0.03495851357419033
3.565	5.936116337476696	1.2879027873099087	0.07044559457992783	-0.03667859895532777
3.575	5.912599016856872	1.3025823860844152	0.06524384978384923	-0.053863976282461756
3.585	5.889084115346744	1.3072154586861393	0.05641906293308985	-0.061667527114855236
3.595	5.865583545083197	1.3035314980741464	0.05625285300047622	-0.05916755657118333
3.605	5.842109144992498	1.291418016901505	0.04839303924958216	-0.06655627516002083
3.615	5.818672674107187	1.3121930237878399	0.04836953754699991	-0.08356315005801473
3.625	5.795285804941209	1.306069493839279	0.038057468465897415	-0.0911027261855697
3.635	5.771960116927361	1.3122141151653894	0.032858022447191715	-0.0992778467470381
3.645	5.748707089921079	1.312312541593954	0.028343004935965865	-0.09624356334184991
3.655	5.725538097774555	1.3099081245533022	0.02659701776164347	-0.10822856092501132
3.665	5.702464401985116	1.3034401021047648	0.01946783573600719	-0.11107578886972869
3.675	5.679497145421772	1.3111525158287274	0.011421859209386653	-0.12240617512959417
3.685	5.656647346133788	1.3039462951659546	0.007010374336418934	-0.11754754897244357
3.695	5.6339258912450605	1.3032432492476353	0.0033780400969156688	-0.11926755435342784
3.705	5.611343530938039	1.3001639081253968	0.0013688994157163847	-0.12182909657860064
3.715	5.588910872530891	1.2956573837889704	-0.013421498061612525	-0.1291718468551455
3.725	5.56663837465149	1.295685505625703	-0.010614754063642096	-0.12893262830930485
3.735	5.544536341511863	1.2956644142481535	-0.013670681666644313	-0.12586572769084592
3.745	5.522614917286534	1.29666976991135	-0.01937527244371573	-0.13590747160181627
3.755	5.500884080598211	1.2894776101669438	-0.02089644320045636	-0.1339136660950122
3.765	5.479353639114186	1.2766048394025178	-0.02988189883020631	-0.1429383904218584
3.775	5.458033224256755	1.2656865362910195	-0.03244344263409005	-0.13815312471569685
3.785	5.436932286030859	1.2687869687908073	-0.03414870654330038	-0.13594472586426942
3.795	5.416060087972116	1.2590497828220855	-0.043287221352523275	-0.1431035575578572
3.805	5.395425702218258	1.2571656197609897	-0.049461090147287834	-0.1438821341607892
3.815	5.375038004707066	1.2517310748123816	-0.05547372675842155	-0.14921317946093282
3.825	5.354905670503628	1.2475479515983818	-0.05173463119183186	-0.1421659912825417
3.835	5.335037169259788	1.230710001854635	-0.064804109439625	-0.14637955333056007
3.845	5.315440760808543	1.2318770580790452	-0.06522319359242523	-0.14690979171320162
3.855	5.296124490896	1.2259503809876136	-0.07214950677846677	-0.14510460705101247
3.865	5.27709618705355	1.2248536293550356	-0.07234512607409904	-0.14307290829873143
3.875	5.25836345461268	1.2178934747636747	-0.07815932911357049	-0.14092116587280668
3.885	5.23993367286482	1.2138368998149724	-0.08521889078410805	-0.14391616543635566
3.895	5.221813991368588	1.1948898123162677	-0.08928214180278982	-0.1367330122509065
3.905	5.2040113264065635	1.1936102687449266	-0.09436723986674966	-0.13895241514333945
3.915	3.863253936806962	0.31426855594790204	-0.02439480190376564	-0.037654916551830064
3.925	3.8400256456062056	0.3119977176317308	-0.0266218497679096	-0.03482762531614547
3.935	3.817133686986469	0.30906601615233936	-0.025863183604358575	-0.032514341311110306
3.945	3.794584011757597	0.30662644681577145	-0.027776375049329394	-0.03194492507489899
3.955	3.772382322051597	0.29781025100004765	-0.026651049723035447	-0.029151423563290035
3.965	3.7505340687179087	0.30167700355080374	-0.02617218995035242	-0.0250450886358784
3.975	3.7290444488809893	0.2960456057450663	-0.02988294097734645	-0.026918428553171503
3.985	3.707918403661648	0.2966994384491032	-0.029708861298164635	-0.025871909772797852
3.995	3.6871606160634354	0.2930928128881253	-0.02359601175412096	-0.020729741123609813
4.005	3.6667755090253373	0.2883824052353861	-0.025598991471544874	-0.01651750038646349
4.015	3.6467672436418295	0.28410085559282167	-0.02515571854625498	-0.010986016429690215
4.025	3.627139717551339	0.28787621217419623	-0.023623944714097123	-0.00894898865117022
4.035	3.6078965634939806	0.28178080406236805	-0.02348716066510037	-0.003383605927641864
4.045	3.5890411480393563	0.28324313957247216	-0.02150621592410351	-0.0009415545024640259
4.055	3.5705765704851236	0.28284240339903016	-0.01947950574243107	0.008010886078165247
4.065	3.5525056619268875	0.2832993832459377	-0.017699555938244682	0.008430413455954855
4.075	3.5348309844998753	0.28188626095011593	-0.018289201118778742	0.017903552865312977
4.085	3.5175548307927547	0.277731259572849	-0.01669280481918789	0.02195594836527537
4.095	3.5006792234338637	0.2779562342667112	-0.015309139007460004	0.029585460047930723
4.105	3.4842059148499525	0.2789264376339918	-0.012097580790495499	0.038404451843656484
4.115	3.468136387197523	0.2762478326851953	-0.009679470123196587	0.0437002969448681
4.125	3.452471852466593	0.27785077737896324	-0.006136839983335252	0.05380646354778318
4.135	3.4372132527568158	0.2787787979911447	-0.005226628095088559	0.055148287601766155
4.145	3.422361260725562	0.27981227549107407	-0.002739143139864675	0.06020112249072185
4.155	3.4079162802076013	0.27986148870535643	-0.002395381997697399	0.0676097889888313
4.165	3.393878447005881	0.2810144840114	-0.000495210011981051	0.07033104651161148
4.175	3.3802476298527173	0.2805645346236757	0.0015744142825993013	0.0772039086549915
4.185	3.367023431540757	0.28343296197041834	0.003634898217380167	0.08383822997473933
4.195	3.354205190222797	0.28701849615384667	0.007479501018422541	0.09218913291268549
4.205	3.3417919808795835	0.2910961624800985	0.012947856771873711	0.09790329976554235
4.215	3.3297826169544567	0.2923264928371573	0.016486985173339797	0.10632500513852727
4.225	3.318175652153779	0.30173324722426925	0.02285438350180269	0.12307299130285076
4.235	3.3069693824118254	0.3063874112035429	0.02544474022286325	0.12410510724914336
4.245	3.296161848018796	0.3171510442130111	0.030226190276501974	0.13899357543228363
4.255	3.2857508359104752	0.3205608169168596	0.0360469553975733	0.14883203476719964
4.265	3.2757338821179687	0.331915008497716	0.03961742063717644	0.1636329485867979
4.275	3.266108274375863	0.34006331069103646	0.04639521784125167	0.17439158532190968
4.285	3.2568710548870223	0.345807195843705	0.05047791588127426	0.18046987156519767
4.295	3.2480190232421586	0.3587362102815966	0.056091932670842226	0.19674336517713886
4.305	3.2395487394922053	0.36820623880135733	0.06274764385994436	0.20895184392454125
4.315	3.2314565273714417	0.37756377997418694	0.07095775385221259	0.22118771277423077
4.325	3.2237384776691993	0.38524104140223353	0.06991564142180096	0.22821889961905484
4.335	3.216390451747917	0.4044482558907163	0.08077448507352392	0.24849313929467587
4.345	3.2094080852051636	0.4115982328800234	0.08754502266429487	0.2587496345141673
4.355	3.202786791677236	0.42336722155268813	0.09049566495080219	0.2756817181222455
4.365	3.196521766781775	0.4328020977765329	0.09633736962440098	0.2838175747207694
4.375	3.1906079921968282	0.4479878896122294	0.09820174858046071	0.2976609065740703
4.385	3.1850402398735955	0.45643850155042714	0.1069194772978026	0.30916498090412725
4.395	3.1798130763801478	0.4705134808351792	0.10846792376017822	0.3163045745077868
4.405	3.1749208673732046	0.47954059042639874	0.10932305788424612	0.3164476617072465
4.415	3.170357782195039	0.49189310721126855	0.11746355074704518	0.3286573150018597
4.425	3.1661177985925093	0.5033668165982392	0.11978583985391955	0.32752271293580426
4.435	3.1621947075550567	0.5151076834341712	0.12808507079496012	0.34325240508994503
4.445	3.1585821182685634	0.5294006069536022	0.12443979080721812	0.33719548692744405
4.455	3.155273463181767	0.5376613964938538	0.12768059971846712	0.32926789488807495
4.465	3.1522620031819306	0.5485234559318867	0.1269205852201316	0.33517559173232647
4.475	3.1495408328764034	0.5622680036350286	0.1348304816807162	0.3389472035320984
4.485	3.1471028859765524	0.5748525255729438	0.13920522669952362	0.340523038899631
4.495	3.1449409407806126	0.584561589704933	0.13582090291960336	0.3305906413852646
4.505	3.1430476257518243	0.5915358052146603	0.13516084844329113	0.32229788432962647
4.515	3.1414154251882507	0.5976030914897557	0.13469204202880913	0.3134772160706687
4.525	3.1400366849805454	0.6105742886827464	0.13450128570887365	0.30857172579365844
4.535	3.1389036184539174	0.6229268054676163	0.13723535545979626	0.3038801552118764
4.545	3.138008312290507	0.6323405903139114	0.1415397117139614	0.3088539255925502
4.555	3.137342732528277	0.6437861778641493	0.13916406330258813	0.2923505568184239
4.565	3.136898730632567	0.6588805737304643	0.14243990973646525	0.29304457785012183
4.575	3.1366680496362727	0.6658055760259092	0.14027606835275996	0.28118881546958097
4.585	3.136642330344735	0.6705300445970148	0.1402972539724594	0.270329367041531
4.595	3.136813117601258	0.6837754296981501	0.13824839042299164	0.25670613336527714
4.605	3.137171866609177	0.7028279740846026	0.14267264506996025	0.255722773565652
4.615	3.1377099493064042	0.7066876961761754	0.13961830140712017	0.24270813703379068
4.625	3.138418660788249	0.7278634392359522	0.14495007166521834	0.2422131447166922
4.635	3.139289225774391	0.7421352713778336	0.14410523657407293	0.2319325409996793
4.645	3.140312805115774	0.7534050974484917	0.1425949379317828	0.2232160200506632
4.655	3.141480502337194	0.7624251765805281	0.14469758086489826	0.21122273135173364
4.665	3.142783370211369	0.7730271090287828	0.14387012317183956	0.202770780793204
4.675	3.1442124173601473	0.7796357406609841	0.14297144427046415	0.19806117978404636
4.685	3.1457586148786474	0.7887261243848523	0.1406840271737737	0.18447594941415169
4.695	3.14741290297797	0.8007341486697457	0.14156717520499829	0.17026113854679092
4.705	3.1491661976422227	0.8157090267299464	0.13255756384395845	0.1543185580684101
4.715	3.1510093972954705	0.8240541817803962	0.13640073413740605	0.15323215161512183
4.725	3.1529333894743523	0.8372011404529669	0.13814978126247812	0.1496864409103349
4.735	3.154929057501989	0.844351117442274	0.1346980312008874	0.13518868934580475
4.745	3.1569872871588713	0.8511425410132382	0.13191146841524315	0.12156917039042403
4.755	3.159098973346393	0.8652737639714557	0.13410989869022405	0.12110217302509163
4.765	3.1612550267387105	0.8808813833581438	0.12916453307835596	0.1095331389353218
4.775	3.163446380418607	0.8920738743777867	0.12737215664267243	0.09676832804415181
4.785	3.16566399649306	0.9012767454485862	0.12529498599779654	0.07940847282732788
4.795	3.167898872684219	0.9049607060605792	0.12665637399155294	0.07054593672286646
4.805	3.1701420488915177	0.9172499487128003	0.12253568200473453	0.06633026815012011
4.815	3.17238461372066	0.9265371852937979	0.12050546646658589	0.0564162180091321
4.825	3.1746177109752405	0.930221145905791	0.12086149879714547	0.040938019813286264
4.835	3.1768325461068123	0.9457303388639143	0.11555904248255366	0.035179019970784875
4.845	3.1790203926191616	0.9494072690167242	0.11467380107131042	0.023397039957099963
4.855	3.1811725984226977	0.9595944043731706	0.11249060730087113	0.010212649712308952
4.865	3.183280592134775	0.9635314615157585	0.11212275847207653	0.010793666693378334
4.875	3.185335889321916	0.9812341577390381	0.10986202386081079	-0.0055529967756879905
4.885	3.187330098679812	0.9829917725348363	0.10790152331236502	-0.01086713625624336
4.895	3.189254928147154	1.003626170237507	0.10763103207817792	-0.019818019598355274
4.905	3.1911021909492816	1.004244850645628	0.10668879549697952	-0.020777167967001464
4.915	3.192863811567734	1.0007296210540317	0.09887596021712142	-0.039585421605918825
4.925	3.194531831631842	0.9964269800339177	0.09499782288643299	-0.0516073738149907
4.935	3.196098415728491	0.9867952509529436	0.08806229201149307	-0.06292227849959753
4.945	3.197555857126317	0.9708501695254623	0.08040404627893682	-0.07760717420320651
4.955	3.1988965834106	0.9640025022810325	0.0797003197419679	-0.08796188692973583
4.965	3.200113162025164	0.9449991711088623	0.07534563832902119	-0.10397258445686353
4.975	3.201198305717739	0.9384397526909434	0.06830619745476252	-0.11574381725408545
4.985	3.202144877885152	0.9288783282018012	0.06689355399831776	-0.12872799866067153
4.995	3.2029458978149505	0.9210182748349915	0.059432531640241315	-0.13691688510960498
5.005	3.203594545819981	0.9144026127436071	0.0571354691468855	-0.14511701050898784
5.015	3.204084168262616	0.9003909075915039	0.05131256753525726	-0.15769601030501734
5.025	3.2044082824653324	0.8989777852956822	0.045646930824457144	-0.17238655910829292
5.035	3.2045605815044236	0.8915184681023145	0.04629712042687295	-0.1722681088431175
5.045	3.2045349388837567	0.87757003708286	0.041191389686058066	-0.18343181712790368
5.055	3.2043254130854693	0.8665533075427969	0.03387871818995514	-0.19365370681590655
5.065	3.203926251994686	0.8568864261659067	0.03225974120725539	-0.19946574824188312
5.075	3.203331897195298	0.8485764234113728	0.030756187072064733	-0.19982563009852283
5.085	3.202536988134043	0.8331797178001805	0.02023944290079349	-0.20863300994915157
5.095	3.2015363661501306	0.8247291058619828	0.022067402958240834	-0.21248091422871163
5.105	3.2003250783677752	0.8187813373930016	0.017604072628001788	-0.2204956606308559
5.115	3.19889838144908	0.8102955731588879	0.016115182700729314	-0.21808844251918424
5.125	3.197251745204801	0.7993772700473895	0.01492457843756867	-0.20683515436448507
5.135	3.1953808560606216	0.7891620128542104	0.009260188975690475	-0.20246011240984618
5.145	3.1932816203766383	0.7864060728543988	0.009483936951767191	-0.19386572740435293
5.155	3.1909501676178857	0.7774562983141943	-0.0003060513680726018	-0.19361636343691768
5.165	3.188382853373787	0.7663622337231161	0.003973644902843354	-0.18115673725257664
5.175	3.1855762622245276	0.7598449980602963	0.0007330381633225969	-0.17592453011482934
5.185	3.1825272104524673	0.7497844109691474	0.0008915877572599484	-0.16555501557165586
5.195	3.179232748596768	0.7404268697963178	-0.002903393867963011	-0.15691745110644595
5.205	3.1756901638495405	0.7289250385726143	-0.004475014626111218	-0.1480003136582071
5.215	3.1718969822919023	0.7261972204095355	-0.005529219437500288	-0.14107196454551918
5.225	3.16785097096845	0.7156445011755631	-0.006403864224583167	-0.12572457100925338
5.235	3.1635501397987387	0.7083609454617753	-0.010703721176687608	-0.12468222964121223
5.245	3.1589927433244878	0.7048597767885453	-0.009186341728510072	-0.110633540820672
5.255	3.1541772822913012	0.691762031330257	-0.007118580874919012	-0.09811840167910679
5.265	3.1491025050638397	0.6877827914325699	-0.008454489344272176	-0.0907306675764441
5.275	3.143767408873448	0.6806960885759116	-0.012335444176621913	-0.08468135873469018
5.285	3.1381712408973796	0.6751209344436396	-0.009265650983266482	-0.0717903685000556
5.295	3.1323134991688386	0.6657493323524437	-0.011198356316882041	-0.06077308506814072
5.305	3.1261939333172015	0.6593305231181886	-0.011424358782432087	-0.04759230355615407
5.315	3.119812545137842	0.658360319750908	-0.009637260520145574	-0.03487699887376028
5.325	3.1131695889911564	0.652672678271705	-0.005779388574592481	-0.01980026756759834
5.335	3.106265572030421	0.6429495532213494	-0.0028669009518846877	-0.013703077004469266
5.345	3.0991012542582848	0.6403412528643848	-0.00620978985511389	-0.009401584543651031
5.355	3.091677648411772	0.6334935856199551	-0.004600495320814524	0.0022349790548463755
5.365	3.0839960196758	0.6318273667935383	-0.00502869607664902	0.0151373361431002
5.375	3.076057885225312	0.623250206590043	-0.002237691179360901	0.028094921339711476
5.385	3.0678650135962404	0.6186311949066854	-0.0007870606198334684	0.03763157182756749
5.395	3.0594194238856303	0.6179281489883661	0.000164464528105146	0.053698628180061325
5.405	3.0507233847813584	0.6100680956215566	0.005780096250766142	0.06395063616864216
5.415	3.041779413421978	0.6076004044482559	0.003113054889318345	0.07339230896043158
5.425	3.0325902740873536	0.6039515961321789	0.008639990145343557	0.09048246859103859
5.435	3.0231589767208473	0.5977788529693355	0.008122082064236924	0.09548666912727599
5.445	3.013488775283901	0.5968438018979709	0.011482476433810174	0.10234055713269696
5.455	3.003583165944023	0.5975749696530229	0.018652722426335977	0.12197435544606794
5.465	2.9934458850972314	0.5916975057758738	0.021708929922618747	0.1339933598204599
5.475	2.9830809072261513	0.5926395873064215	0.023055825672162022	0.14753663725367994
5.485	2.9724924425950587	0.5892157536842066	0.026985512046240778	0.15198046428261436
5.495	2.961684934783269	0.5875425043986068	0.0333307610174427	0.16558406394098868
5.505	2.950663058058362	0.5878799664394	0.03162738792406916	0.17883867470464399
5.515	2.9394317145908455	0.5834718685315381	0.03432027971972351	0.18099119982264167
5.525	2.9279960315119777	0.5843717673069868	0.03812545000756984	0.1897499753812817
5.535	2.916361357816527	0.584596742000849	0.039565359492763186	0.1984410864005992
5.545	2.904533261112391	0.5726660527669708	0.03985012711201463	0.19404501726268397
5.555	2.8925175242190724	0.5765538966952765	0.04350443229381584	0.20394283014245929
5.565	2.8803201416171076	0.5755415105728966	0.04668117529856097	0.21677386300095902
5.575	2.8679473157506417	0.5776928310829537	0.050289978019913306	0.2219517296922866
5.585	2.855405453185435	0.5776998615421368	0.054413740026824975	0.22718419467278084
5.595	2.842701160624707	0.5775662828176562	0.05992157903262996	0.2377659244236272
5.605	2.606351317266505	0.4515874847140241	0.04487545269571669	0.18036704968639206
5.615	2.6287595632242478	0.47476690864101084	0.05283395546294889	0.1952554327783611
5.625	2.6510263581989397	0.49362963062951715	0.05222420923236548	0.2047690713521615
5.635	2.673159066846676	0.5142077846587225	0.06218688500115466	0.22183052112064017
5.645	2.695165231997072	0.5322127906268793	0.05925075108700906	0.21910206601094573
5.655	2.7170525698710217	0.5495850552685487	0.06562230479012365	0.22858491772579193
5.665	2.738828965175387	0.5754009013892328	0.0714415290815702	0.23974848894357592
5.675	2.73607479935017	0.5799425780215753	0.07394818761611388	0.24501220958370507
5.685	2.7222368137300403	0.5794504458787518	0.07543892808185904	0.2464537676076517
5.695	2.708312499743066	0.577777196593152	0.06404632853386572	0.22570654369694565
5.705	2.694310364635073	0.5803222228174678	0.07357595748417589	0.23298204829542435
5.715	2.6802390578756783	0.5800128826134073	0.06976904136180284	0.2276579784240218
5.725	2.666107365581753	0.5849693563375582	0.07273856765746167	0.22704517584297457
5.735	2.6519242048408467	0.5807581112868258	0.07438099560358369	0.2231809084354388
5.745	2.637698617938163	0.5851029350620389	0.07836697599783315	0.2259264441527049
5.755	2.62343976649069	0.5867269711333564	0.0805996185879363	0.22287700120927934
5.765	2.609156925492182	0.5837741782764154	0.07567296541396873	0.20583002103838877
5.775	2.594859477272758	0.5893423019495041	0.0777385249579674	0.20833393306674775
5.785	2.580556905376896	0.5973570254183439	0.08178446300514608	0.21221766940083864
5.795	2.566258788363679	0.5905374800106469	0.08006291067048865	0.20565255710766128
5.805	2.5519747935332155	0.5956415933776449	0.07944470870929132	0.19664810427813695
5.815	2.537714670583185	0.5940456791430602	0.07495687950525953	0.18374561826850977
5.825	2.5234882451995038	0.6049288299586426	0.0850003586298067	0.18448430719852738
5.835	2.5093054125851557	0.5991005792957758	0.0775242069118578	0.17125549516509775
5.845	2.4951761309312825	0.6059623074585719	0.0826930704220934	0.1720594205580659
5.855	2.4811104148346588	0.6101313697542053	0.08138571834095076	0.15918740547959342
5.865	2.467118328665703	0.6103633749072507	0.08334979473126092	0.15784785459269357
5.875	2.45320997989121	0.6162548997027663	0.08180593135130243	0.14391314155768753
5.885	2.4393955123560707	0.6157697980191259	0.08112817285500196	0.1344522607367007
5.895	2.425685099528178	0.6138082999070151	0.08189953830716412	0.12381120444711335
5.905	2.4120889377108314	0.6202692918963694	0.08486277557078958	0.11899342853395178
5.915	2.3986172392269354	0.6248672122021774	0.08189588796937652	0.10803121524649484
5.925	2.3852802255793013	0.6322632552628963	0.08914083999555888	0.10450785352123249
5.935	2.3720881205913913	0.6285792946509032	0.08844031516502238	0.10300749278966781
5.945	2.3590511435328745	0.6351246521504558	0.0875204808519694	0.08669546491282021
5.955	2.3461795022343437	0.6413255171500318	0.09265899140030953	0.08446847868755558
5.965	2.3334833861955477	0.6366010485789263	0.08545970695456795	0.07103066017849047
5.975	2.3209729596915634	0.6406084103133461	0.08960938988107259	0.06334079926456182
5.985	2.308658354881253	0.640966963731689	0.0904205990335969	0.05363934038050533
5.995	2.2965496649224018	0.6470623718435171	0.09126104881106478	0.046140581381599155
6.005	2.284656937097911	0.6500292256188245	0.08837765722444235	0.02773656258804591
6.015	2.2729901659574434	0.6506900887820447	0.09437687003286843	0.027399884257528706
6.025	2.2615592864788527	0.6489043521495137	0.09178707270591246	0.017176526009617055
6.035	2.2503741672537982	0.6604272747507667	0.09479058499574844	0.01479609518716063
6.045	2.239444603701859	0.65876105592435	0.0995719544946585	0.0048846122259535996
6.055	2.2287803113174784	0.6627121739853044	0.09705358054774571	-0.00600447348355071
6.065	2.218390918954078	0.6657071495973446	0.10067495448945163	-0.015043737711480265
6.075	2.208285962149598	0.6663961345972974	0.10039755803116268	-0.02621417070968568
6.085	2.1984748764977495	0.6655595099544974	0.10374242876675233	-0.02281511312516371
6.095	2.1889669910692096	0.6694122015868871	0.1041712799332144	-0.041645742749724324
6.105	2.179771521886975	0.6566941009244913	0.10298432238975863	-0.04104827754950868
6.115	2.1708975654600495	0.6678303482706688	0.10719277652877057	-0.0529416773691862
6.125	2.162354092379603	0.6637386210260505	0.10961180058692399	-0.05384358637795317
6.135	2.154149940981722	0.6700238515358249	0.11090239185450201	-0.061659238853021936
6.145	2.1462938110808163	0.6735320506682381	0.11387435829076242	-0.06935058922375736
6.155	2.1387942577776817	0.6768363664843388	0.11473619947773983	-0.07388131684553478
6.165	2.131659685346233	0.6745374063314347	0.11310514986029219	-0.0766574845124659
6.175	2.124898341202827	0.681659261484009	0.11769465432039716	-0.08104561870517646
6.185	2.1185183099620404	0.6796344892392495	0.11733405180993639	-0.08946721910829614
6.195	2.1125275075827603	0.6766746659231253	0.12495285535240885	-0.08366701028200874
6.205	2.1069336756083454	0.6828966223002509	0.12009876125974639	-0.09056384181950072
6.215	2.101744375504574	0.684211318167508	0.12168819435991285	-0.09073983922672646
6.225	2.0969669830990556	0.6827911654125031	0.1253410336004661	-0.09034482597106885
6.235	2.092608683125687	0.68344499811654	0.1242144783307575	-0.09145665815993564
6.245	2.088676463877676	0.6840144653103786	0.12824350774988513	-0.08551045812971059
6.255	2.0851771119726434	0.6825029165859922	0.128112305131876	-0.0857786601863062
6.265	2.0821172072331464	0.6812796166881165	0.12927343639034383	-0.08858825578290452
6.275	2.079503117685986	0.6847807853613466	0.13229773357450902	-0.0863614315943535
6.285	2.0773409946835484	0.6875929690346237	0.132948944104899	-0.07909473481534124
6.295	2.075636768150349	0.6869602277081364	0.13211870957999672	-0.07961558957156245
6.305	2.0743961419578922	0.6813499212799485	0.13486662840067076	-0.06965828709812949
6.315	2.073624589430874	0.684028526228745	0.13661758002900548	-0.06170874709820562
6.325	2.073327348987669	0.6854416485245668	0.135210574801512	-0.06462949854882827
6.335	2.0735094199179387	0.6856877145959784	0.13863075163468164	-0.05460422069929094
6.345	2.074175558300199	0.6899270814834437	0.14147534743131285	-0.04877124178685022
6.355	2.07533027306197	0.688260862657027	0.14191189315500985	-0.041563556636982746
6.365	2.0769778221851576	0.6836488814328525	0.14519435602772912	-0.04127015662682654
6.375	2.0791222090591512	0.6868688317387549	0.14229715965925394	-0.04003645651921994
6.385	2.081767178984099	0.6805695403106141	0.14348752509140628	-0.03014339482232331
6.395	2.0849162158266386	0.6826013430145569	0.14466054333349376	-0.025326616631982768
6.405	2.088572538830354	0.6859337806673902	0.1475065647940088	-0.018756066269886906
6.415	2.0927390995831257	0.6766606050047589	0.14637386909165961	-0.01571419851366418
6.425	2.0974185791433353	0.6779682704128328	0.15254324865370616	-0.004896361106575098
6.435	2.1026133853269475	0.6765973308721102	0.14725261245542942	-0.0021194596687907907
6.445	2.1083256501572984	0.672470451331576	0.15363131178346734	0.006481825856308632
6.455	2.1145572274793087	0.6689130389848804	0.14694799425629057	0.005688849473906243
6.465	2.1213096907397913	0.6645190019953849	0.15018302680098916	0.015107445624539473
6.475	2.1285843309353853	0.6625434429649077	0.14963890099395627	0.02418322064741063
6.485	2.136382154729567	0.6665718960768772	0.15380032269714317	0.032598521307589445
6.495	2.1447038827400386	0.6674225816380436	0.15267084199619774	0.03295733562328973
6.505	2.1535499479977815	0.6501276520473892	0.1518682713922388	0.040001838900765474
6.515	2.1629204945788274	0.6561176032714695	0.14965505167425786	0.043183419014882096
6.525	2.1728153764097904	0.6568206491897888	0.15804700678078287	0.061741374139613114
6.535	2.183234156248112	0.6433995026090737	0.15502048208953756	0.06921005508070599
6.545	2.194176104837727	0.6499518905678094	0.15681128748757445	0.07084156238756534
6.555	2.205640200240916	0.6504651140881825	0.15936073891047986	0.08388816032559188
6.565	2.217625127346897	0.6436877514355847	0.15925857836377055	0.08946844067179716
6.575	2.2301292775576034	0.6396382069460655	0.15398163579214152	0.0941173535885782
6.585	2.2431507486510824	0.6340138395995113	0.15664439371068006	0.09830607283539594
6.595	2.2566873448226694	0.6331983063342609	0.16123836403919345	0.11311394525965257
6.605	2.270736576904157	0.6290362744978107	0.1616145779745315	0.11814177123788006
6.615	2.2852956627609267	0.6260764511816866	0.16037500294618035	0.12137586246230181
6.625	2.300361527867042	0.6178297225598014	0.15491336432498093	0.12465992767797807
6.635	2.315930806058023	0.609976699652175	0.15587171453474546	0.13003460034162195
6.645	2.331999840461057	0.6144621326110521	0.15998516665448825	0.14548509047097435
6.655	2.3485646846022297	0.60789568373395	0.155008767854528	0.14040505146795357
6.665	2.3656211036902164	0.5982498937346095	0.15565127658713163	0.14943971942229295
6.675	2.383164576075883	0.5997965947549119	0.15732062301651162	0.15924321041310785
6.685	2.40119029488695	0.5885478600618034	0.15674758359889118	0.16846430400872614
6.695	2.4196931698369677	0.5902632921025024	0.15326611769106213	0.16439076617358706
6.705	2.4386678292075614	0.585510701694664	0.15117638628762675	0.17686000682097647
6.715	2.4581086220029817	0.5815666140928929	0.15147704805821105	0.1817820360321485
6.725	2.4780096202756714	0.5787052172053334	0.15639469255871807	0.19663460132443666
6.735	2.498364621621665	0.5735378297056867	0.14759904563949133	0.19660977534731972
6.745	2.51916715184439	0.5687149347060164	0.143515717327523	0.19885978623790979
6.755	2.5404104677853647	0.5616352623085412	0.1416845390430428	0.19915998281601066
6.765	2.5620875603202906	0.5619235111350521	0.14803880353141663	0.2180614897847457
6.775	2.5841911575187133	0.5549141433294089	0.14105124516616208	0.22058025356917232
6.785	2.606713727965553	0.5534307164417552	0.14129424766873866	0.22211906245626878
6.795	2.629647484242552	0.5468712980238364	0.13705292954938963	0.22517506807640042
6.805	2.652984386567709	0.5345890858307984	0.12933121073808884	0.22161685214073445
6.815	2.676716146590497	0.5303848712392492	0.12497353946732437	0.22000413502001925
6.825	2.7008342313407785	0.5272492864435452	0.12255345058574818	0.23089149534507114
6.835	2.7253298673290587	0.5256604026681436	0.12202768282741472	0.23168614717250224
6.845	2.750194044795734	0.5147139777199125	0.11369254125025474	0.2280276484660384
6.855	2.775417522106812	0.5081053460877112	0.10947304586626538	0.23085308641410074
6.865	2.800990830293623	0.5032402683329418	0.10658953989880926	0.23422418114399268
6.875	2.8269042777337683	0.49760887052720426	0.0999892701475229	0.2266491388291303
6.885	2.853147954970588	0.4910986653235677	0.09302643296646984	0.22296852707078751
6.895	2.8797117396683944	0.4845954905791144	0.08428880253762916	0.2147972552425832
6.905	2.906585301700434	0.4742185328247218	0.07732517680834983	0.20522457192429755
6.915	2.9337581083666544	0.47740333083470815	0.06794039336353652	0.20201303554631656
6.925	2.9612194297381955	0.4662881748660803	0.06448187621544088	0.1942617119935659
6.935	2.988958344125417	0.4621823867030957	0.057233223504766784	0.18140441567697385
6.945	3.016963743666219	0.4486628136938159	0.04383823423393096	0.16206180025532113
6.955	3.045224340031422	0.4477207321632681	0.03860349455608292	0.159816470729492
6.965	3.0737286702437157	0.4467856810919034	0.031769723110027126	0.1501839319503262
6.975	3.1024651026067973	0.4332098644091581	0.021401680179396365	0.13599427724273094
6.985	3.131421842741121	0.4305523508379112	0.0132155362567552	0.12198286101230771
6.995	3.1605869397227533	0.4259684914504695	0.004287682312143826	0.11014890186506787
7.005	3.189948292321579	0.4216377285936227	-0.0026643564654751373	0.10281608299757417
7.015	3.219493655335204	0.4185302656346515	-0.0147497359400659	0.08781044508453806
7.025	3.2492106460147627	0.4143752642573845	-0.01987445861960735	0.07843466354460227
7.035	3.27908675057878	0.41939501211418423	-0.029608908033849524	0.06661747824096675
7.045	3.309109330811249	0.41602742216543487	-0.03492812437710047	0.058526362413491295
7.055	3.3392656307399244	0.41212551731876285	-0.04541683127690321	0.046839206204787764
7.065	3.3695427833908687	0.417053869206181	-0.04781313612189608	0.04517868227183297
7.075	3.399927817615188	0.4181365599203927	-0.05565412706459183	0.03453106432374331
7.085	3.4304076649839423	0.41318008619624175	-0.06137256290087878	0.02316396445663038
7.095	3.4609691667470144	0.42340940430778734	-0.06789116381153582	0.01889095562695342
7.105	3.491599080851817	0.42618643568514847	-0.07541485056145136	0.007827259033572176
7.115	3.5222840890176084	0.4328091282357161	-0.07740245524428291	0.007824641914367492
7.125	3.553010803861247	0.4410277350208685	-0.07926111541666225	-0.0008519684284287177
7.135	3.5837657760700035	0.45418875461180547	-0.08208810182790982	-0.004513590242932741
7.145	3.6145355016172	0.4637290877233981	-0.08283851765820316	-0.005588706788144382
7.155	3.645306429016362	0.47885863588562905	-0.0794376497087752	-0.005792598250085268
7.165	3.6760649666094416	0.49424128057845496	-0.07932678052056685	-0.006965046676804532
7.175	3.706797489884861	0.5058907514450054	-0.07855882618272991	-0.013032130139594145
7.185	3.737490348820883	0.5172449430258618	-0.07645772691241381	-0.009711956166149394
7.195	3.768129875249933	0.5356155328715446	-0.07677894119757855	-0.018758415944586382
7.205	3.7987023902394674	0.547953988738048	-0.0758103120935738	-0.01849711949861499
7.215	3.8291942114849076	0.5608759727167565	-0.07087513231115317	-0.01836033306030016
7.225	3.859591660710289	0.5732284895016262	-0.07459502409039986	-0.026307006243900144
7.235	3.889881071072054	0.594115983734892	-0.07447155347381473	-0.032521394561247474
7.245	3.9200487945616294	0.6036984996015838	-0.06992564736335094	-0.03244675662959029
7.255	3.950081209402345	0.6281855889366444	-0.06592162625786857	-0.03297117934302407
7.265	3.979964727436173	0.6440744266906602	-0.067434280867948	-0.040545083280626226
7.275	4.009685801495911	0.6554918924041654	-0.06607131577773995	-0.048387109274670825
7.285	4.039230932758376	0.6773988032189941	-0.06497973478143759	-0.048828132103590605
7.295	4.068586678074164	0.6909324371466403	-0.06394349736271643	-0.05013036860657771
7.305	4.097739657269558	0.7114754388799297	-0.05873891571120193	-0.05258042935326879
7.315	4.1266765604162785	0.7325457250519586	-0.05613038336694043	-0.047506226383525973
7.325	4.155384155064594	0.7490813650508281	-0.05507548464193057	-0.05565945096027103
7.335	4.183849293435513	0.768696346171936	-0.0560258374293241	-0.05681491356724777
7.345	4.212058919567756	0.787432519895145	-0.048571775045043175	-0.05985498306628978
7.355	4.240000076415147	0.8099721720364611	-0.04848490937065009	-0.05602088593516319
7.365	4.267659912890202	0.8369972571366543	-0.04579614030090173	-0.05764488428549974
7.375	4.295025690849692	0.8531321609620818	-0.04211694236364849	-0.05933445083246536
7.385	4.322084792017971	0.878919885246033	-0.038450629366133526	-0.06493870770020749
7.395	4.348824724843908	0.8980708560610503	-0.03783834631207306	-0.05949910276834647
7.405	4.375233131287304	0.9132636783559299	-0.030092590553303822	-0.0686857518509858
7.415	4.401297793530773	0.9480714817719176	-0.02948399166313731	-0.06316011716413739
7.425	4.427006640612985	0.9642837206483602	-0.02422911144278217	-0.06512512616661148
7.435	4.452347754979323	0.9903948460547383	-0.019792245298094535	-0.06827716427247976
7.445	4.477309378946084	1.0164919105427501	-0.01505386480046944	-0.05879204346336531
7.455	4.50187992107424	1.04100009125536	-0.006812798949206389	-0.05768702006088455
7.465	4.52604796244904	1.0746619298244875	-0.0027221578440528305	-0.05823436857900033
7.475	4.549802262861645	1.0955142717618374	0.0007774599302123875	-0.0656037384842012
7.485	4.5731317668891105	1.1128443536484076	0.0078074906207330486	-0.06142564262349115
7.495	4.596025609869049	1.1197060818112037	0.012231125457550895	-0.06338468768951788
7.505	4.618473123765477	1.124346184872111	0.018357007755819055	-0.05682320706244992
7.515	4.640463842922262	1.1354191580856396	0.025004967197270744	-0.06263039844490326
7.525	4.661987509700751	1.1512025389519076	0.02622471099950996	-0.06523269612623572
7.535	4.683034079998269	1.148664543186775	0.037347453595796054	-0.05847360084686315
7.545	4.703593728644133	1.1599765520125322	0.038932943169926126	-0.05580401874828089
7.555	4.723656854670001	1.163618329869426	0.047610652997573055	-0.055959605554775305
7.565	4.743214086451404	1.1656079498182697	0.05238088016564202	-0.062353168932452796
7.575	4.762256286717411	1.1754505926747396	0.05497648768525387	-0.04913515303670701
7.585	4.78077455742547	1.1745366329809246	0.06303793710669847	-0.05403078274098805
7.595	4.7987602444984665	1.1802945790519594	0.06710736962029351	-0.0537279272498874
7.605	4.81620494242129	1.1817077013477812	0.07374320969837278	-0.05430753579250691
7.615	4.83310049869408	1.1839715092047693	0.08436774336087094	-0.03790832451035753
7.625	4.849439018139606	1.1835707730313274	0.08167701543062034	-0.04449319872458446
7.635	4.865212867062195	1.191831562571579	0.09199046628016117	-0.03808568448942351
7.645	4.880414677255754	1.1880491755310212	0.09858199033821435	-0.033333092045178425
7.655	4.895037349858537	1.1952343048162442	0.10208886811823792	-0.03328283727787218
7.665	4.909074059052399	1.1901934655818949	0.11207873620475972	-0.024044210079881
7.675	4.92251825560437	1.183233310990534	0.11021565122624288	-0.019811451735730845
7.685	4.935363670248446	1.1836621690007088	0.11510147320552466	-0.015265227751018795
7.695	4.9476043169056725	1.170726124103634	0.1219555780813808	-0.021796308283253296
7.705	4.959234495740598	1.174192140480948	0.13095729232100517	-0.011113827979131852
7.715	4.970248796052386	1.1650525435427974	0.1328728264387964	-0.006533178341931567
7.725	4.980642098998839	1.1651369090529957	0.13453678715765705	0.00032909862169905324
7.735	4.990409580151839	1.1563558655331878	0.1430988115500229	0.007926390037239273
7.745	4.9995467118826955	1.1503167010948252	0.1484131951256007	0.012775031791304237
7.755	5.008049265576053	1.1431034499728694	0.14690840742891176	0.016521042049311596
7.765	5.015913313671126	1.1244446113006756	0.15225767064329165	0.02619661046992272
7.775	5.023135231529077	1.1284800948718283	0.16114044338396116	0.032933434733517064
7.785	5.029711699125528	1.1258155508413983	0.16283521214732932	0.043336999898123896
7.795	5.03563970256726	1.1099899872200314	0.16517752497515303	0.04888127034720435
7.805	5.04091653543229	1.0998169127819513	0.16780443306607395	0.05516535637049724
7.815	5.045539799932575	1.0852498013543759	0.17585284650766297	0.07256940966675574
7.825	5.049507407898791	1.0762719049774385	0.17484934138294062	0.07300841309852579
7.835	5.052817581586639	1.0605236764070867	0.17918916404485952	0.07836863706147934
7.845	5.05546885430432	1.0514192317648519	0.17777776421925395	0.08720470078632125
7.855	5.057460070860892	1.032099529929438	0.18010872931888056	0.0960077085579405
7.865	5.058790387835353	1.0157185600325989	0.1865570493944695	0.11490799613105773
7.875	5.059459273666372	0.9992602550847445	0.18221978565697494	0.11908072626275112
7.885	5.059466508562731	0.9859867481468764	0.18563096750410768	0.1274871762914649
7.895	5.058812184234665	0.9685723007501078	0.18611172532879294	0.14416790402645363
7.905	5.057496703446324	0.9503001373329897	0.18380208516382446	0.1520795849144445
7.915	5.055520779389784	0.9194434519779564	0.18130785365323288	0.15030931099668177
7.925	5.052885434881084	0.902872659683171	0.18088722300445692	0.16758608531140062
7.935	5.049592001378871	0.8881719695311148	0.1785686986162034	0.17431879024771435
7.945	5.045642117826409	0.8603383816248544	0.17914202555572079	0.18537416309536336
7.955	5.041037729317717	0.8371870795346005	0.16869633102151393	0.17400119252860158
7.965	5.035781085588804	0.8113290506588173	0.16896309820689748	0.17633231331253896
7.975	5.029874739335009	0.7927053642825396	0.15729712344820346	0.1692351924038622
7.985	5.023321544355607	0.7657576142333614	0.16098584028367746	0.18179733069588266
7.995	5.016124653526898	0.7401034686738909	0.14976582465804888	0.1730515316905863
8.005	5.0082875166051535	0.7054503353599335	0.13730559043715207	0.16147016255227897
8.015	4.999813877860871	0.6844152014838206	0.12557702578254215	0.15000022800764068
8.025	4.990707773545882	0.6496003676086498	0.11972682187533668	0.1496261165538728
8.035	4.98097352919498	0.6248672122021774	0.10376061602910625	0.14090564238710446
8.045	4.970615756763835	0.5840624271029263	0.09641857985033875	0.13244972076853467
8.055	4.959639351605039	0.5580848804210289	0.08030816199618673	0.12242578968495788
8.065	4.948049489284255	0.5210554519031523	0.06251799720141626	0.10656498916188073
8.075	4.935851622238527	0.48338625159960524	0.050432011996550674	0.1006780060948902
8.085	4.923051476278877	0.44893700160196043	0.02651311680137347	0.08628753716678439
8.095	4.909655046939483	0.41670234624702135	0.013142151575488814	0.07408212853338769
8.105	4.895668595675726	0.37674121624975343	-0.009752750014513367	0.06037291145413182
8.115	4.881098645913578	0.3374971930891711	-0.03430845773801883	0.04063974043237928
8.125	4.865951978952831	0.29966629222441055	-0.056819215230069275	0.026759831020628844
8.135	4.850235629726776	0.24956020962579537	-0.08766645901598169	0.0016392171341810258
8.145	4.833956882421064	0.23395962069829052	-0.09961137389576513	-8.45437432680507e-5
8.155	4.817123265954472	0.23949962253464646	-0.09780050166623755	-0.0005195465870950766
8.165	4.799742549324495	0.24285315156502943	-0.09665114301055766	-0.000678766077902071
8.175	4.781822736820686	0.24714876212596024	-0.09810600666628977	-2.6869716251542997e-5
8.185	4.763372063108779	0.2539120638601917	-0.09691492033812299	0.002614880485481308
8.195	4.744398988188677	0.26119561957397947	-0.0977051158346498	-0.0021184519537355007
8.205	4.724912192229537	0.2663840984511758	-0.09584382381173606	0.003149476159455822
8.215	4.704920570285167	0.27172724743040233	-0.09635007768142545	0.002185908341609477
8.225	4.684433226893052	0.27375201967516183	-0.09275546394669631	0.003028673745247623
8.235	4.663459470560456	0.2813660069705597	-0.0971581999008031	-0.00048096694095567383
8.245	4.642008808141014	0.2897463143169255	-0.09777386747924721	-0.00338627604088082
8.255	4.620090939105363	0.2907165176842061	-0.09215789222163107	0.0014886281530737122
8.265	4.597715749709437	0.2965939815613553	-0.09011701681009932	0.0035516335226170037
8.275	4.574893307063986	0.2982883222245048	-0.08849907766842913	0.005265784009832575
8.285	4.551633853109157	0.3011005058977819	-0.08699718157687197	0.002317223595665885
8.295	4.527947798497794	0.30978312298902505	-0.08724774049908479	-0.0008269121949611158
8.305	4.503845716391372	0.31946406528428156	-0.08961423848131767	0.002141399958219825
8.315	4.479338336172333	0.3199843192638378	-0.083187091122912	0.004538655581908024
8.325	4.454436537076858	0.33010115002845225	-0.0855570537918049	0.0032177078747266386
8.335	4.429151341751966	0.3341788163547041	-0.08233141451779202	0.0014655270750326688
8.345	4.403493909741004	0.339936762425739	-0.0810952570550243	0.0026050072089335297
8.355	4.3774755309015045	0.3435996316601825	-0.07914801880737832	0.002011911518493892
8.365	4.35110761875961	0.3517057510984038	-0.07845395497257801	0.0015461457672211187
8.375	4.324401703805119	0.3554108030879464	-0.07871189473264062	-0.004400370190802638
8.385	4.297369426731336	0.3602126067100671	-0.07436611728920939	0.000606673210249653
8.395	4.270022531623922	0.3659564918627356	-0.07018499282062152	0.006178766392347823
8.405	4.242372859102982	0.36992167084205635	-0.07050906811044078	-0.00056577216185838
8.415	4.214432339422593	0.3754616726784123	-0.07103230832973306	-0.0015983640362569052
8.425	4.186212985532104	0.37989086196382377	-0.06963579502245443	-0.004005606099436676
8.435	4.157726886103481	0.39265114538131873	-0.06630919171149463	0.002853005064540781
8.445	4.128986198528935	0.39411348089142284	-0.06352677462361322	-0.0040695151422942555
8.455	4.100003141893298	0.39793805068707977	-0.061440325873792556	-0.004867199895576713
8.465	4.070789989925356	0.40370302721729784	-0.056537386251021005	-0.00099106779121505
8.475	4.041359063932558	0.4097421916556605	-0.0578865908472781	-0.0010730582190758842
8.485	4.718679260595952	0.8438660157586336	-0.10869930013596196	-0.0037380973336778034
8.495	4.69145499547324	0.8524642673396785	-0.1044832593692906	-0.00403544595594596
8.505	4.66405013490874	0.8639168853490996	-0.10184930791667135	-0.010968556433548216
8.515	4.636477119691095	0.8797002662153675	-0.09287496763536929	-0.0069341006459460175
8.525	4.608748402763866	0.8909419704492927	-0.09276282099021671	-0.012444915141037072
8.535	4.580876442151872	0.9020079132036383	-0.0906674815658528	-0.01809923976965999
8.545	4.552873693901291	0.9175171061617616	-0.08062947594271908	-0.01343909910266916
8.555	4.524752605037936	0.9312757147832699	-0.0766699021511501	-0.01238466831039542
8.565	4.496525606547975	0.9397966313132996	-0.06796928785166845	-0.013271320956687038
8.575	4.468205106385408	0.9508766349860115	-0.06545835594355864	-0.01265086929750403
8.585	4.439803482510546	0.9676231887603768	-0.05896401185005562	-0.012243137816626337
8.595	4.411333075963801	0.9815575588614649	-0.05524407696026845	-0.009301643013389871
8.605	4.382806183978921	0.9931156337586339	-0.04514835810433837	-0.011750392145867927
8.615	4.354235053139927	1.0063047751863037	-0.045210783272715105	-0.015622744802256339
8.625	4.325631872585939	1.011057365594142	-0.03708188743091689	-0.015373884787249548
8.635	4.2970087672679345	1.0272906958481343	-0.032328491954253025	-0.01613830568398633
8.645	4.268377791261624	1.037421587531115	-0.028616312037746283	-0.02084432802106928
8.655	4.239750921140448	1.0547657303360518	-0.019258403965650928	-0.01932716949439195
8.665	4.211140049412715	1.0628085756416243	-0.012989250032707567	-0.02458284716484016
8.675	4.182556978026865	1.0712310657430892	-0.010544281690648916	-0.01663636811509006
8.685	4.154013411948813	1.0813408660485206	0.00022177092828457035	-0.01691861121135796
8.695	4.1255209528151555	1.097911658343306	0.006400347648095384	-0.010334007058320438
8.705	4.097091092666152	1.1033321423735476	0.015372012183417105	-0.021914822790152222
8.715	4.068735207762241	1.12022633579076	0.01706938904055466	-0.02357132829287778
8.725	4.040464552487787	1.1325929134939963	0.02550595658098498	-0.023577006362256014
8.735	4.012290253345692	1.1419856069627419	0.0335879915582078	-0.02066857056685345
8.745	3.9842233030465364	1.1532694939517663	0.03998775488894957	-0.01291614941243413
8.755	3.9562745546957196	1.158978226808519	0.049014392484502345	-0.016077872817672034
8.765	3.928454716082138	1.175281861654343	0.054074074665733995	-0.018673270997600966
8.775	3.900774344071693	1.1782627763480167	0.05882655714399743	-0.013838015494304301
8.785	3.8732438391090995	1.192675217673562	0.07099602546113637	-0.027077527859384
8.795	3.8458734398311885	1.2011047382342102	0.08326645820767542	-0.006741576380649761
8.805	3.818673217794845	1.2121706809885557	0.08927776339707805	-0.008128412285074216
8.815	3.7916530723228163	1.22545824884479	0.09662397949216839	-0.013023056484976703
8.825	3.764822725470318	1.2370233542011422	0.10855153066129031	-0.006070278341327562
8.835	3.7381917171154604	1.2442858185373804	0.11578541123447117	-0.007321913070277297
8.845	3.711769400176373	1.2638515864442061	0.1230825184267701	-0.002148524931405049
8.855	3.6855649359577534	1.2678027045051605	0.12869838575481118	-0.003651947631347241
8.865	3.6595872896296573	1.2730614879741886	0.13976652580821458	-0.007526674351868934
8.875	3.6338452258410756	1.2890135998608532	0.1483356137009615	-0.005600258717556539
8.885	3.608347304470893	1.3068498748086133	0.16846390212279871	0.006954406835341764
8.895	3.583101876518598	1.3177541170017453	0.17747861206491677	0.014785208666613592
8.905	3.558117080137206	1.3246369365420911	0.18223035634165896	0.0036005807376504606
8.915	3.5334008368105927	1.340828084040984	0.1892029907443984	0.005960924547426583
8.925	3.5089608476774155	1.3504246608260424	0.19998570954229145	0.015242040246279842
8.935	3.4848045900037596	1.3599720243968183	0.21325091178966105	0.01773316985514528
8.945	3.4609393138063815	1.3664751991412716	0.22594669073863827	0.017334311939038116
8.955	3.437372038628571	1.3901326942927155	0.2328846984134625	0.021581689699047057
8.965	3.4141095504703083	1.4045240442407112	0.2458860830559022	0.03164976994083846
8.975	3.3911583988744622	1.4181420436785557	0.25969440670292876	0.0371465362688328
8.985	3.3685248941706236	1.4239070202087738	0.2653636663766683	0.033816447710421915
8.995	3.346215104877982	1.438284309238403	0.2803890278719301	0.03265327794025774
9.005	3.3242348552687506	1.4531115476557566	0.3022593873168997	0.0540397177083749
9.015	3.3025897230933197	1.4625815761755174	0.30885182437335423	0.04971255645690764
9.025	3.2812850374683866	1.47696589566433	0.3226015552228354	0.05610893365687453
9.035	3.2603258769290484	1.4910760272449979	0.3352917527408241	0.05122139787990054
9.045	3.2397170676459424	1.5189307065288078	0.3556317197296224	0.06968530272789142
9.055	3.2194631818081922	1.5318105077524171	0.3693666482335871	0.07518957035215657
9.065	3.1995685361729707	1.5518543468836998	0.3822026787513959	0.07547286877092052
9.075	3.1800371907823344	1.5561921401997296	0.4029594218311843	0.08300434384374267
9.085	3.1608729478478064	1.5778529849431469	0.41523308971780715	0.08653568739902351
9.095	3.1420793508032396	1.5939316450951087	0.4276901496071197	0.095419565596357
9.105	3.1236596835262076	1.602248678308826	0.445515312432061	0.10828140722891177
9.115	3.105616969728209	1.6313829011639769	0.46554098483212414	0.11061521650120199
9.125	3.0879539725137097	1.6586329609580321	0.48991738583466216	0.10875364600752757
9.135	3.070673194108136	1.6847651777419599	0.5093619601937807	0.12925748263851666
9.145	-Inf	0.0	0.0	0.0
9.155	-Inf	0.0	0.0	0.0
9.165	-Inf	0.0	0.0	0.0
9.175	-Inf	0.0	0.0	0.0
9.185	-Inf	0.0	0.0	0.0
9.195	-Inf	0.0	0.0	0.0
9.205	-Inf	0.0	0.0	0.0
9.215	-Inf	0.0	0.0	0.0
9.225	-Inf	0.0	0.0	0.0
9.235	-Inf	0.0	0.0	0.0
9.245	-Inf	0.0	0.0	0.0
9.255	-Inf	0.0	0.0	0.0
9.265	-Inf	0.0	0.0	0.0
9.275	-Inf	0.0	0.0	0.0
9.285	-Inf	0.0	0.0	0.0
9.295	-Inf	0.0	0.0	0.0
9.305	-Inf	0.0	0.0	0.0
9.315	-Inf	0.0	0.0	0.0
9.325	-Inf	0.0	0.0	0.0
9.335	-Inf	0.0	0.0	0.0
9.345	-Inf	0.0	0.0	0.0
9.355	-Inf	0.0	0.0	0.0
9.365	-Inf	0.0	0.0	0.0
9.375	-Inf	0.0	0.0	0.0
9.385	-Inf	0.0	0.0	0.0
9.395	-Inf	0.0	0.0	0.0
9.405	-Inf	0.0	0.0	0.0
9.415	-Inf	0.0	0.0	0.0
9.425	-Inf	0.0	0.0	0.0
9.435	-Inf	0.0	0.0	0.0
9.445	-Inf	0.0	0.0	0.0
9.455	-Inf	0.0	0.0	0.0
9.465	-Inf	0.0	0.0	0.0
9.475	-Inf	0.0	0.0	0.0
9.485	-Inf	0.0	0.0	0.0
9.495	-Inf	0.0	0.0	0.0
9.505	-Inf	0.0	0.0	0.0
9.515	-Inf	0.0	0.0	0.0
9.525	-Inf	0.0	0.0	0.0
9.535	-Inf	0.0	0.0	0.0
9.545	-Inf	0.0	0.0	0.0
9.555	-Inf	0.0	0.0	0.0
9.565	-Inf	0.0	0.0	0.0
9.575	-Inf	0.0	0.0	0.0
9.585	-Inf	0.0	0.0	0.0
9.595	-Inf	0.0	0.0	0.0
9.605	-Inf	0.0	0.0	0.0
9.615	-Inf	0.0	0.0	0.0
9.625	-Inf	0.0	0.0	0.0
9.635	-Inf	0.0	0.0	0.0
9.645	-Inf	0.0	0.0	0.0
9.655	-Inf	0.0	0.0	0.0
9.665	-Inf	0.0	0.0	0.0
9.675	-Inf	0.0	0.0	0.0
9.685	-Inf	0.0	0.0	0.0
9.695	-Inf	0.0	0.0	0.0
9.705	-Inf	0.0	0.0	0.0
9.715	-Inf	0.0	0.0	0.0
9.725	-Inf	0.0	0.0	0.0
9.735	-Inf	0.0	0.0	0.0
9.745	-Inf	0.0	0.0	0.0
9.755	-Inf	0.0	0.0	0.0
9.765	-Inf	0.0	0.0	0.0
9.775	-Inf	0.0	0.0	0.0
9.785	-Inf	0.0	0.0	0.0
9.795	-Inf	0.0	0.0	0.0
9.805	-Inf	0.0	0.0	0.0
9.815	-Inf	0.0	0.0	0.0
9.825	-Inf	0.0	0.0	0.0
9.835	-Inf	0.0	0.0	0.0
9.845	-Inf	0.0	0.0	0.0
9.855	-Inf	0.0	0.0	0.0
9.865	-Inf	0.0	0.0	0.0
9.875	-Inf	0.0	0.0	0.0
9.885	-Inf	0.0	0.0	0.0
9.895	-Inf	0.0	0.0	0.0
9.905	-Inf	0.0	0.0	0.0
9.915	-Inf	0.0	0.0	0.0
9.925	-Inf	0.0	0.0	0.0
9.935	-Inf	0.0	0.0	0.0
9.945	-Inf	0.0	0.0	0.0
9.955	-Inf	0.0	0.0	0.0
9.965	-Inf	0.0	0.0	0.0
9.975	-Inf	0.0	0.0	0.0
9.985	-Inf	0.0	0.0	0.0
9.995	-Inf	0.0	0.0	0.0
