# xs μloc ρ χ_N χ_cluster
0.005	-Inf	0.0	0.0	0.0
0.015	-Inf	0.0	0.0	0.0
0.025	-Inf	0.0	0.0	0.0
0.035	-Inf	0.0	0.0	0.0
0.045	-Inf	0.0	0.0	0.0
0.055	-Inf	0.0	0.0	0.0
0.065	-Inf	0.0	0.0	0.0
0.075	-Inf	0.0	0.0	0.0
0.085	-Inf	0.0	0.0	0.0
0.095	-Inf	0.0	0.0	0.0
0.105	-Inf	0.0	0.0	0.0
0.115	-Inf	0.0	0.0	0.0
0.125	-Inf	0.0	0.0	0.0
0.135	-Inf	0.0	0.0	0.0
0.145	-Inf	0.0	0.0	0.0
0.155	-Inf	0.0	0.0	0.0
0.165	-Inf	0.0	0.0	0.0
0.175	-Inf	0.0	0.0	0.0
0.185	-Inf	0.0	0.0	0.0
0.195	-Inf	0.0	0.0	0.0
0.205	-0.2389148155949914	0.35183617253779637	0.18199188385129128	0.023010475492687088
0.215	-0.24350928619832146	0.35386537719478883	0.185975634877114	0.02383743495447077
0.225	-0.24793493720505966	0.3538546406622121	0.1853842140406292	0.023052899877203048
0.235	-0.2521912559707973	0.3517610168097596	0.18725177226677925	0.02428274547512088
0.245	-0.25627774376878776	0.3516268101525511	0.18436835549292008	0.019487333589438438
0.255	-0.26019391595155295	0.35009685426037424	0.18195157892468528	0.01805458756761158
0.265	-0.2639393021125751	0.34954929109896354	0.18304853086094797	0.022825376004284914
0.275	-0.2675134462479867	0.34894267700838116	0.18198242625307426	0.020873554085664714
0.285	-0.27091590691818546	0.34841658691212385	0.18448231878012855	0.020320558762645047
0.295	-0.2741462574092792	0.35004853986377915	0.18581262870083526	0.022074646254456542
0.305	-0.27720408589428125	0.34825553892347366	0.18314805210168084	0.020110409922423744
0.315	-0.28008899559397005	0.3474825085779527	0.18458553543913947	0.019690057474563427
0.325	-0.28280060493732506	0.3472677779264191	0.18353659741642314	0.01868156422781697
0.335	-0.2853385477214525	0.3454640404535369	0.182830526467745	0.021204430313666145
0.345	-0.2877024732709117	0.3469081040851003	0.1817237962589755	0.018309576380017956
0.355	-0.28989204659635925	0.3412445831509017	0.17961100344234104	0.02216407061754433
0.365	-0.29190694855240773	0.3424739161309316	0.17986568677432002	0.021862830116625487
0.375	-0.293746875994636	0.34454606691823075	0.18339678134470505	0.02455028251085556
0.385	-0.2954115419356236	0.34099227463534976	0.17732954203290863	0.015921513175714885
0.395	-0.2969006756999586	0.34069165172320276	0.18078265533425597	0.018895496187843364
0.405	-0.29821402307809963	0.3446802735754393	0.18195337549016166	0.02031090223326182
0.415	-0.29935134647901407	0.3429624283631705	0.18169479473526895	0.018776136332199322
0.425	-0.3003124250815006	0.3408580679781413	0.18038879604024194	0.020182366518461947
0.435	-0.3010970549840999	0.3402997682841539	0.1793697395141307	0.019358653283514826
0.445	-0.3017050493535134	0.33766931780286735	0.17874915934069868	0.019632115387617444
0.455	-0.30213623857141947	0.3410244842330798	0.18066060176598242	0.017657767784359235
0.465	-0.3023904703796201	0.3459149748217574	0.18473696801633244	0.019475903336238387
0.475	-0.30246761002340516	0.3427208563801952	0.18152397352192162	0.016630334267543234
0.485	-0.3023675403930586	0.34238802387031814	0.1819734913337845	0.01886656020065869
0.495	-0.3020901621634078	0.3399561992417002	0.17890574051220742	0.01745517770914995
0.505	-0.30163539393132766	0.3421947662839379	0.18149541262716795	0.017762974559062505
0.515	-0.30100317235110774	0.3414968916664537	0.18144689874984188	0.019178578309717476
0.525	-0.300193452267596	0.337331117026702	0.17723343591864493	0.01453758960441942
0.535	-0.2992062068470278	0.3455982471107454	0.18561731444841367	0.01867752698205294
0.545	-0.2980414277054475	0.3425866497229867	0.17992894065726484	0.016553628449311852
0.555	-0.2966991250346376	0.34500236955273966	0.1826624916518127	0.017252563358860162
0.565	-0.29517932772547306	0.34630148999451793	0.18394843888585477	0.015638406778760272
0.575	-0.29348208348859695	0.3424792843972199	0.18219597011584376	0.017351186400860974
0.585	-0.2916074589723512	0.3426779102498885	0.18118749483297414	0.01656284227540261
0.595	-0.28955553987785754	0.34540498952436516	0.1841836843424729	0.016226506502083238
0.605	-0.2873264310711763	0.3446695370428626	0.18166794583211177	0.016267829518971766
0.615	-0.28492025669245624	0.3459847622835059	0.1831109401056672	0.01569358476442073
0.625	-0.2823371602619824	0.34731609232301414	0.1889626483191016	0.01921379535348433
0.635	-0.27957730478305276	0.34800859867421	0.1868097172458243	0.016683892248413712
0.645	-0.27664087284159233	0.3456519297736288	0.18652374090869372	0.01838074506575682
0.655	-0.27352806670243	0.3510792469911404	0.18749451208617485	0.014691871500289944
0.665	-0.2702391084021527	0.3505155790308647	0.18785464422378295	0.015384309392213802
0.675	-0.26677423983846005	0.34934529698000666	0.18581197344772082	0.016089710827049797
0.685	-0.26313372285594916	0.3510524056596987	0.18746539189281375	0.015610608670814985
0.695	-0.25931783932824004	0.35320508044132304	0.1870576473270269	0.01655108361567814
0.705	-0.25532689123637997	0.35289908926288766	0.18978558890706454	0.018952962168513388
0.715	-0.2511612007434425	0.3538761137273655	0.18685157382688145	0.015866327715456263
0.725	-0.24682111026525577	0.3559858423786831	0.18896326823754306	0.01568713047566428
0.735	-0.24230698253718552	0.35260383461702893	0.18673818750561688	0.014876111510492729
0.745	-0.23761920067690578	0.3598241527748461	0.19197327863617808	0.013924504622579659
0.755	-0.23275816824308748	0.3573869598799398	0.19078933350942462	0.015827642464535607
0.765	-0.22772430928993437	0.36192851315987534	0.19211436354663514	0.01461189828876941
0.775	-0.2225180684175161	0.3607152849787105	0.1883018869826385	0.013773534502171225
0.785	-0.21713991081781048	0.36307195387929175	0.19142230792001236	0.01653234270415027
0.795	-0.21159032231641905	0.3589491253698467	0.1872017547353102	0.01265135234218917
0.805	-0.2058698094098772	0.361939249692452	0.18922177956198727	0.01828456062916417
0.815	-0.19997889929850965	0.3632168970690769	0.18926046592759915	0.01514964829112353
0.825	-0.19391813991477447	0.36013014395328147	0.1893795437133483	0.016794263564894107
0.835	-0.18768809994702718	0.36115011454806606	0.18364693980972246	0.011670760718948459
0.845	-0.18128936885868185	0.35870218512058305	0.18229566688326315	0.012322324316551225
0.855	-0.17472255690268135	0.3565011959423637	0.1827422556279017	0.014199416409944599
0.865	-0.1679882951312539	0.35806872969855896	0.18397583575310072	0.015444277675630946
0.875	-0.16108723540089986	0.3587451312508898	0.18110755794632238	0.013839248206543697
0.885	-0.1540200503725604	0.3598348893074228	0.17920845294727306	0.010849256238531058
0.895	-0.14678743350692836	0.3542089462372426	0.17544005625422887	0.012529607193231151
0.905	-0.139390099054856	0.355368491755524	0.17578544333840762	0.011635548239133042
0.915	-0.131828782042831	0.35580868959116785	0.17090011648747705	0.007130859391463407
0.925	-0.12410423825346006	0.3566622439310139	0.1731413638770012	0.009336553607684595
0.935	-0.11621724420096058	0.3553416504240823	0.1721864260633006	0.012484497947909512
0.945	-0.10816859710157978	0.35370432920613865	0.16805879363398457	0.008392146387940946
0.955	-0.09995911483896203	0.3565280372738054	0.1673912929051693	0.006355615727461239
0.965	-0.09158963592439306	0.3532426583053414	0.16606018001372824	0.007902811189114178
0.975	-0.08306101945191902	0.3532802361693598	0.16493603449986383	0.00819270213263601
0.985	-0.07437414504829931	0.3531943439087463	0.16301227107678473	0.007553101117250494
0.995	-0.06552991281778597	0.35227637037344023	0.1603468296481636	0.005332061173431324
1.005	-0.056529243281706165	0.35273804127423747	0.1608369604413964	0.009444976116887438
1.015	-0.04737307731280849	0.3513154507078274	0.16023840506001008	0.010569838573723955
1.025	-0.03806237606439611	0.3507034683509566	0.15454439913920393	0.005839554751302822
1.035	-0.028598120894191226	0.3524535231609554	0.15522980756517857	0.008949527272359648
1.045	-0.01898131328295971	0.3492969825834116	0.15414583692763717	0.011536648251415982
1.055	-0.009212974747849323	0.35104166912712204	0.15311294436895873	0.012286883639162305
1.065	0.000705853249538535	0.35070883661724495	0.15158694018671293	0.01712671872212257
1.075	0.010774109400352838	0.3538492723959238	0.14964720958676692	0.012812547832609655
1.085	0.02099071265099628	0.3500861177277975	0.14678852319129154	0.013066699986573727
1.095	0.031354562310882184	0.34841658691212385	0.14332918941371497	0.014920082876575091
1.105	0.04186453816550406	0.3498713870762639	0.14430625806958863	0.017974036189577713
1.115	0.052519500594751634	0.348545425303044	0.14171354326556074	0.01937959401965106
1.125	0.06331829069651107	0.348561530101909	0.13783902232253098	0.014514412928026355
1.135	0.07425973041551837	0.34800323040792164	0.1361435642440889	0.019531373414793052
1.145	0.08534262267745474	0.3499841206683191	0.1369613044746245	0.020921228073730758
1.155	0.09656575152828628	0.34765429309917956	0.1357703699966839	0.021398720808401883
1.165	0.10792788227880479	0.3433382070033543	0.1328862121108232	0.020091407212357137
1.175	0.11942776165438218	0.35071957314982166	0.1311454937054819	0.022227339895215636
1.185	0.13106411794988038	0.34851321570531396	0.12751174429859846	0.021631961263243404
1.195	0.14283566118974278	0.3451580492751015	0.126276703425646	0.019751893671473453
1.205	0.15474108329318703	0.3501612734558343	0.12693768700409613	0.019497892127907868
1.215	0.16677905824451278	0.3476596613654679	0.12774526766799976	0.023586673420485482
1.225	0.1789482422684765	0.3504672646342697	0.12556254852872017	0.022389124135375638
1.235	0.19124727401070407	0.351009459529392	0.12603267457626943	0.024325600326398078
1.245	0.20367477472310558	0.35185227733666136	0.1252882543647087	0.02347598282538388
1.255	0.21622934845425856	0.35431631156300936	0.12411780945280038	0.022103539710754738
1.265	0.22890958224472246	0.35576574346086115	0.1234893107160766	0.022459555114281216
1.275	0.24171404632722915	0.35523965336460384	0.1254953227446034	0.02658768799469413
1.285	0.25464129433173155	0.35927658961343545	0.12548912626852893	0.026441701313327237
1.295	0.2676898634952398	0.35542754268469573	0.12383637569607675	0.02543890182874675
1.305	0.2808582748764137	0.36296995681981326	0.1221737496577111	0.024338556394712274
1.315	0.2941450335748548	0.3619499862250287	0.1214751705479058	0.02514597314483258
1.325	0.3075486289550462	0.3650421076071125	0.125860523950458	0.028921006788726222
1.335	0.3210675348748986	0.3645911732388919	0.12264422542751596	0.029409464253547624
1.345	0.334700209918815	0.3653856766495662	0.12270631147403943	0.026685549054781044
1.355	0.3484450976352671	0.3681073876577545	0.1248270178061559	0.03032939863468076
1.365	0.36230062677876695	0.3688804180032755	0.12197768043486379	0.03337483329753921
1.375	0.3762652115562184	0.369299142773766	0.12083758036365877	0.03215398701999306
1.385	0.39033725187756074	0.37179538659784406	0.12270294053896569	0.0345470031710009
1.395	0.40451513361063696	0.37376017205937645	0.12145253093133901	0.03116063266770497
1.405	0.4187972288402442	0.3779957341608766	0.12459826554585796	0.03702252698191799
1.415	0.4331818961312588	0.3759021103084241	0.11847247526866944	0.029657778252203615
1.425	0.4476674807958103	0.37463519946437585	0.11548752225552672	0.0305602600134649
1.435	0.46225231516437937	0.3759611612375958	0.11557862496918814	0.027345596444220854
1.445	0.47693471886080574	0.38030408866486276	0.11842211558666138	0.03183552831403247
1.455	0.49171299908106736	0.3852428936501355	0.125170612133771	0.034669038957529486
1.465	0.506585450875809	0.3856723549532027	0.11921608874669243	0.029229503576518434
1.475	0.5215503574364972	0.3902300130320032	0.12131551644657579	0.03267725097093066
1.485	0.5366059903851537	0.39055210900930365	0.11695162096574574	0.028287582057020755
1.495	0.5517506100675611	0.39182975638592854	0.1216338576707714	0.033022548097686455
1.505	0.5669824658498666	0.39305372109967	0.11667013039810037	0.02792437756855104
1.515	0.5822997964185099	0.40022035659460375	0.117879832354856	0.02921823325960149
1.525	0.5977008300833577	0.4026468129569334	0.11987347414638094	0.03226923700261286
1.535	0.6131837850839954	0.4040264573930367	0.11947525408535364	0.03257462884808249
1.545	0.6287468698990548	0.40254481589745494	0.11951050889605686	0.033032285322872834
1.555	0.6443882835585011	0.4080043427126966	0.11956067290624661	0.030569681068658205
1.565	0.6601062159587936	0.4090941007692296	0.11759178044544916	0.030677178749017653
1.575	0.6758988481808055	0.4106670027917132	0.11818699265471899	0.03301486630396633
1.585	0.69176435281044	0.41533202619628057	0.11871189724721942	0.03112350246689366
1.595	0.7077008942618066	0.4174793327116165	0.11670932182141147	0.030235698640992403
1.605	0.7237066291029104	0.4173827039184264	0.11536978787899344	0.029466491035516462
1.615	0.7397797063837055	0.4221497243824722	0.11822781144963823	0.034209549823516205
1.625	0.7559182679664593	0.42651949314118087	0.11765936356964657	0.03101136073320654
1.635	0.7721204488582969	0.4294827761323445	0.11846388135323993	0.03564683512576905
1.645	0.7883843775458392	0.42936467427400105	0.11339157925088994	0.03335687176235247
1.655	0.804708176331834	0.4308892618998896	0.1164037776047464	0.03679964940957747
1.665	0.8210899616736769	0.4338310718258998	0.11488201299595335	0.033397292770154685
1.675	0.8375278445237169	0.43327277213191245	0.11579016406735532	0.03392101437358086
1.685	0.8540199306712368	0.4441381430995124	0.11840365125312813	0.036577325134725
1.695	0.8705643210860359	0.4426028189410472	0.11302850418763422	0.03338071953759325
1.705	0.887159112263461	0.44932388833404874	0.11481235939339962	0.032535650444907915
1.715	0.9038023965708295	0.45425732505303307	0.11611697815174926	0.037465084974416474
1.725	0.9204922625951071	0.45216906946686886	0.1166912399747928	0.037613609014818916
1.735	0.9372267954917455	0.4564797872964058	0.1149045504174131	0.036657814270742994
1.745	0.9540040773345786	0.4629753895052971	0.11250885680959266	0.034969899987079334
1.755	0.9708221874666638	0.4615259576074453	0.1142593232005793	0.03625657406778471
1.765	0.9876792028519652	0.46578299277409885	0.11479253522221233	0.034362859993686934
1.775	1.0045731984277657	0.4742111708467925	0.1191799920061074	0.03925514110666417
1.785	1.0215022474577118	0.4758162824670061	0.11374937580787448	0.0358725613957529
1.795	1.0384644218853758	0.4788976673165132	0.11286218017050942	0.0319004185864018
1.805	1.0554577926882345	0.48023973388859814	0.11117775405988217	0.03290368048540415
1.815	1.0724804302319466	0.48358953205252225	0.11244991702446949	0.029911662320920573
1.825	1.0895304046248313	0.4864776593156491	0.11099875041987373	0.025904218861352968
1.835	1.106605786072446	0.491276889377425	0.10940384760549993	0.02911425808839807
1.845	1.123704645232128	0.49534066695769824	0.11238468604766139	0.030620933788621407
1.855	1.1408250535674425	0.5004297833990444	0.11377230966689167	0.028429765442038235
1.865	1.1579650837023772	0.49909308509324785	0.11107668625861722	0.03050558835898376
1.875	1.175122809775211	0.5087989105425663	0.1107035993463481	0.023437527355889554
1.885	1.1922963077919437	0.5076769428883033	0.11285764649293384	0.0259689120918829
1.895	1.2094836559791773	0.5167493129155978	0.11199058060372469	0.020122438181795932
1.905	1.2266829351363473	0.5185691551873449	0.11143110802550638	0.02067942511106491
1.915	1.2438922289871872	0.5193046076688476	0.10853026585093195	0.018737735828104007
1.925	1.2611096245303552	0.5319468747778879	0.10723083611549145	0.015699298762208658
1.935	1.2783332123890663	0.536386430998345	0.11318002028424612	0.017973682181179118
1.945	1.2955610871596903	0.5371863026753076	0.10762198729926231	0.012563333804683774
1.955	1.3127913477591555	0.5436067491561623	0.11315421045223317	0.017832683502805313
1.965	1.3300220977710908	0.5507089654556359	0.11333310427930998	0.013791241574513391
1.975	1.3472514457905989	0.5532427871437323	0.11265172837434223	0.010150330981378408
1.985	1.364477505767557	0.5597222845537586	0.11277238433860148	0.00846931679839158
1.995	1.3816983973483445	0.5667225037937538	0.11374249016734739	0.006796034810573337
2.005	1.3989122462158972	0.5752151010619074	0.11359386293991314	0.002024677533271513
2.015	1.4161171844280118	0.5784360608349114	0.11581600703290018	0.005148632813741338
2.025	1.4333113507537611	0.584319680686932	0.1104319137135974	-0.0005394810771293113
2.035	1.450492891007984	0.5886518715816222	0.11509433505804934	0.0008575612114281039
2.045	1.4676599583836913	0.596607642220942	0.11533496016158384	-0.0028463431689851326
2.055	1.4848107137823452	0.6024590524752325	0.11696982451312588	-0.0003662603665131048
2.065	1.5019433261418924	0.6060718956872851	0.11663236737286775	-0.0018229224248709208
2.075	1.5190559727624766	0.6170392637143636	0.1161677611181382	0.003500662174262148
2.085	1.5361468396297224	0.6181719679012033	0.12078400930591604	0.00979010714918127
2.095	1.5532141217355129	0.6264498345178234	0.12073525304147026	0.017747650056994635
2.105	1.5702560233961782	0.634024458250671	0.12289219896841752	0.02033223989427202
2.115	1.5872707585680046	0.643043145615082	0.1214998535254006	0.022496746556825542
2.125	1.604256551159967	0.6457648566232703	0.1214786216084689	0.024964945819578865
2.135	1.6212116353436228	0.6579722941629552	0.1227083055957614	0.02768507187926561
2.145	1.6381342558600698	0.6661052175897901	0.12640502987878977	0.033428570786917966
2.155	1.6550226683238947	0.6710493908413512	0.12572966992150914	0.03827824952127168
2.165	1.671875139524036	0.680255967525854	0.12944239295327353	0.03806463703784835
2.175	1.6886899477214694	0.6880667949753886	0.1321454829613682	0.04234102633883152
2.185	1.7054653829436566	0.6963715029234504	0.1289639380464518	0.043276113306277564
2.195	1.722199747275671	0.7020081825262073	0.13302313266383337	0.049568405988932085
2.205	1.738891355147938	0.7205340694872683	0.13821958290518577	0.0563024619425847
2.215	1.7555385336205092	0.7213446776968077	0.1373274848695374	0.05929421850651129
2.225	1.7721396226638058	0.7330206568739469	0.13884487990070404	0.0632190723530246
2.235	1.7886929754357546	0.7450026272295215	0.14496738510170548	0.06845151965194574
2.245	1.8051969585552758	0.7479122275578017	0.14757108263434215	0.07742608047592414
2.255	1.8216499523720115	0.7562759864350352	0.14618755215595325	0.07236635496158628
2.265	1.838050351232293	0.7464305860622199	0.1427856343181162	0.06931061568823571
2.275	1.8543965637412172	0.742753323654707	0.14013823439973994	0.06673646883531803
2.285	1.8706870130208455	0.7354578497688532	0.13330775563445574	0.06321630077714091
2.295	1.8869201369643924	0.7284683670614346	0.12637441750413192	0.05678963713502494
2.305	1.9030943884864158	0.7282160585458827	0.13203262193515375	0.058696107918895235
2.315	1.9192082357689089	0.7174473163714729	0.12139104401864653	0.05002351617476575
2.325	1.9352601625032553	0.7162072468588663	0.12117302700591814	0.053475160787769926
2.335	1.9512486681280061	0.7118643194315993	0.11906498886994843	0.0494791094164857
2.345	1.967172268062423	0.7038602343956846	0.11325873794023877	0.046858423346112676
2.355	1.98302949393573	0.6975203119091552	0.1131714051231123	0.04223634296322376
2.365	1.9988188938120497	0.6955769995127762	0.10685438235371603	0.041603418414893234
2.375	2.0145390324109576	0.6883298400235173	0.10449977135807487	0.041992120977749625
2.385	2.030188491323638	0.6884318370829957	0.1034616191071418	0.040407727915373615
2.395	2.045765869224586	0.6853128743694703	0.10092067044585828	0.036515356048355097
2.405	2.061269782078815	0.6811846775937369	0.10067754680843244	0.03905711220080743
2.415	2.0766988633445482	0.6790964220075727	0.09703771959512952	0.030423152593485714
2.425	2.0920517641713454	0.6702763604958303	0.09443683369895872	0.03296740648473362
2.435	2.1073271535936473	0.6733899549430674	0.09520579871270574	0.024611694715319432
2.445	2.1225237187196995	0.6695355397480394	0.0914052858525336	0.02711667315058386
2.455	2.137640164915825	0.6617086074996398	0.09080518891231693	0.02776451587039719
2.465	2.152675215986023	0.6595935105820339	0.08880040405503786	0.024891469625683005
2.475	2.167627614346872	0.6574247310015445	0.09011401830640287	0.02517649122895005
2.485	2.182496121197716	0.6554331042085705	0.09206002366959343	0.02604590847823296
2.495	2.1972795166861014	0.6490502355917344	0.0873684404642896	0.02267692961013501
2.505	2.211976600068454	0.6498447390024086	0.08964225222161026	0.01964165496664494
2.515	2.2265861898659924	0.6474612287703857	0.08682554360075212	0.021301693555188184
2.525	2.2411071240158265	0.6384586462048397	0.08492314085988006	0.01875987641806165
2.535	2.2555382600172758	0.6412233033433348	0.08661266380171107	0.018230287622313712
2.545	2.269878475073354	0.6362576570266204	0.08853163844835077	0.023181526732128255
2.555	2.2841266662274298	0.6372346814910982	0.0854473119120942	0.019676167508580367
2.565	2.2982817504950614	0.631608738420918	0.08156618162699436	0.015140066101382965
2.575	2.3123426649909864	0.6289246052767481	0.08434989282281968	0.01929631200239257
2.585	2.3263083670512663	0.620646738660128	0.08120453064570299	0.011075724046450741
2.595	2.3401778343505932	0.6221766945523048	0.0842493943696736	0.019519425840849536
2.605	2.3539500650147254	0.6232288747448195	0.0818102723351033	0.018499583036705847
2.615	2.36762407772812	0.6189342617141476	0.08373790413313165	0.016909287725719757
2.625	2.3811989118366825	0.6209903077025817	0.08336490179474199	0.021847575529153174
2.635	2.3946736274456972	0.615246262774058	0.08528757690746946	0.023868413601723315
2.645	2.4080473055129263	0.6167279042696399	0.08606293030630541	0.023539595517853007
2.655	2.4213190479368687	0.614392708434212	0.08503795631091915	0.02491588875623596
2.665	2.434487977640235	0.6097008436982029	0.08261577485671623	0.025761204302301
2.675	2.4475532386485894	0.6096149514375895	0.08318288699142684	0.027725212436760183
2.685	2.4605139961642175	0.6012941386906626	0.0823422331392254	0.031048692470356798
2.695	2.4733694366352097	0.5984274844926891	0.08485813955844712	0.03367265962587318
2.705	2.4861187678197894	0.5954588332352372	0.08582469387762215	0.03322673297177481
2.715	2.498761218845904	0.5962748097110648	0.08268374803954304	0.03573841380248011
2.725	2.511296040266082	0.595313890045452	0.08367581804049884	0.04027294831900008
2.735	2.523722504107588	0.5910461183462218	0.08320074540326994	0.0461437795135875
2.745	2.536039903917902	0.5837452761940796	0.0847443062754123	0.04656621894461099
2.755	2.5482475548055445	0.5830796111743254	0.08265858584282038	0.04764055825032276
2.765	2.560344793476255	0.5808893585286827	0.08131308519192171	0.054908157896379484
2.775	2.5723309782645774	0.5769812606707713	0.08072360611462637	0.057946121964626895
2.785	2.5842054891608526	0.5823119490950928	0.0878918892185192	0.07292116475747479
2.795	2.595967727833674	0.5724880217874309	0.08240353888405227	0.06581928910105628
2.805	2.6076171176478162	0.5708292275043337	0.08816242986832368	0.07219888867129876
2.815	2.6191531036776734	0.5700723019576779	0.08255811515263156	0.0759105694310711
2.825	2.6305751527162387	0.5699058857027394	0.07815811265115746	0.0717624131687673
2.835	2.641882753279665	0.5629861904570692	0.08680404006429887	0.08278492412521787
2.845	2.653075415607444	0.5570166783444352	0.08417138772325661	0.08135393959067683
2.855	2.6641526716582145	0.5549928419537311	0.0824373960446323	0.08110982112076304
2.865	2.675114075101278	0.5492434287589191	0.08188484462605139	0.08250487207115653
2.875	2.68595920130381	0.5506606510590408	0.07767297764070147	0.08099579447511851
2.885	2.696687647313869	0.5446804024138302	0.08140080930657456	0.08410022675505435
2.895	2.7072990318391774	0.5424633084367458	0.0798490356747994	0.0866713570340325
2.905	2.7177929952217585	0.536654844312762	0.0789801113152726	0.0843822363483333
2.915	2.728169199408465	0.5342820706133158	0.07921348949095908	0.08695028013877626
2.925	2.738427327917414	0.5261706202516343	0.07519649232016556	0.08738182386105486
2.935	2.748567085800427	0.5248339219458377	0.0768974790020418	0.08267752645582749
2.945	2.758588199601462	0.517543816326272	0.07468416501711506	0.08224181147988707
2.955	2.768490417311116	0.5157561836522548	0.07055987575991551	0.08322245330659372
2.965	2.7782735083172323	0.5118051396640367	0.07062167899072724	0.08199494114521855
2.975	2.787937263351672	0.5019812123563747	0.06417777725693607	0.07956345715965596
2.985	2.797481494433283	0.49886224964284925	0.068540419042459	0.0802663212354564
2.995	2.8069060348071186	0.4937462918700613	0.06143868123051632	0.07611296246444077
3.005	2.8162107388799535	0.49346714202306763	0.06272483804091022	0.07448787766580245
3.015	2.8253954821521634	0.4831493342168784	0.06248766720743104	0.07763626305601479
3.025	2.834460161145982	0.48546305698715286	0.05780971931506507	0.07382124052438521
3.035	2.843404693330227	0.4817750580470634	0.06324601688216047	0.07656627736404187
3.045	2.8522290170415174	0.4740393863255656	0.0586221000899263	0.0738520626808683
3.055	2.8609330914020386	0.4727885802803824	0.05148884455304836	0.07139247791124004
3.065	2.8695168962339173	0.46725389773710396	0.056000694340861745	0.07065558632970137
3.075	2.8779804319702533	0.4651495373520747	0.056122654478533374	0.07092374406283586
3.085	2.886323719562853	0.4649831210971362	0.05439604858865277	0.06900878657648168
3.095	2.8945468003867227	0.46037714862174056	0.05630261385470492	0.06980119678673624
3.105	2.9026497361413757	0.45755880882036215	0.05017971350115413	0.06782533249626699
3.115	2.910632608749013	0.452249593461194	0.047103872398512436	0.06384066719399129
3.125	2.9184955202496132	0.44719805488386616	0.047029296160324474	0.06443746501688907
3.135	2.926238592692998	0.44896421449272994	0.0490474019429592	0.0654308087859512
3.145	2.933861968027926	0.4474342586005531	0.0462763197996936	0.063917538769799
3.155	2.9413658079882574	0.44223777683344007	0.045872709996129135	0.060727390570052275
3.165	2.948750293976271	0.44091181506022015	0.041470889452930315	0.058133590015312375
3.175	2.9560156269431452	0.4371110825280755	0.04243658651435478	0.05759323419465079
3.185	2.963162027266696	0.4345718925736907	0.03866721389390504	0.05511125298634889
3.195	2.970189734626396	0.43727749878301403	0.04240776932794832	0.05686163640085362
3.205	2.9770990078757524	0.42826954795117966	0.035990198866198586	0.051074318192840806
3.215	2.9838901249120795	0.42967603371872476	0.033892517253686805	0.04802914823916726
3.225	2.9905633825437254	0.4213122748414912	0.033134109483027974	0.047629346938263595
3.235	2.9971190963548033	0.4210009153967675	0.030665113523569154	0.043940543287392275
3.245	3.003557600567487	0.42247718862606093	0.031246753563641594	0.048209261179899876
3.255	4.154307375644408	1.3195735363368282	0.09895094473351662	0.1345057316526308
3.265	4.146769649546073	1.2879329748333528	0.08342372934129827	0.11470372273409613
3.275	4.139115826931656	1.2634590488248114	0.08163574942282104	0.11704054750423509
3.285	4.131346315151525	1.2487875770587784	0.07846291590020105	0.11137141019706398
3.295	4.123461539470799	1.2227461172940417	0.071216530287602	0.10525379207627639
3.305	4.115461942918086	1.2102971077713813	0.0715392385655198	0.09647439782773448
3.315	4.107347986132147	1.1872242992640964	0.06673514772684186	0.08730796500733584
3.325	4.099120147206529	1.1658854407679455	0.06137502848437926	0.09066360734584267
3.335	4.090778921532224	1.1470159847644308	0.05915026966564252	0.08328225012929646
3.345	4.082324821638388	1.124168643441256	0.04732215589678557	0.07092709451733326
3.355	4.073758377031187	1.1155955221787774	0.05184445182974606	0.06984396417971217
3.365	4.065080134030802	1.0927803904533329	0.05278480992886436	0.0700850658777048
3.375	4.056290655606647	1.0777492448459811	0.03882343401469157	0.061375912377429565
3.385	4.047390521210864	1.0605815292558702	0.04554174348822837	0.06172046392679098
3.395	4.038380326610099	1.049742999619712	0.037272382496463585	0.05693755608024542
3.405	4.0292606837156555	1.0367947413322363	0.041997628429427	0.055506490849901446
3.415	4.020032220412027	1.0156706134876188	0.02644529760189762	0.04622986179648292
3.425	4.010695580383884	1.010586865312561	0.033599041419800635	0.044102644013682024
3.435	4.0012514229415475	0.990058615025949	0.026455691937826487	0.03936457303069396
3.445	3.9917004228449837	0.9869825984427304	0.025206773364815582	0.030772672691770087
3.455	3.982043270126379	0.9660463599182048	0.02750914344687505	0.03380013279098426
3.465	3.9722806699113242	0.9586703620380258	0.015877966300345214	0.019019632965526334
3.475	3.962413342238658	0.9463662957051507	0.018177765894159315	0.01648585069968833
3.485	3.9524420218790044	0.9398116425670877	0.015280703711743726	0.013109948911155911
3.495	3.9423674581520416	0.9214575401272537	0.015445631409860994	0.009662826580113304
3.505	3.9321904147425513	0.9176299662636673	0.018180577484518068	0.010647822020558806
3.515	3.921911669515274	0.9050574866163753	0.013044012714940934	0.0009389358131088876
3.525	3.9115320143286176	0.8954858678242653	0.005751873144481223	-0.009846306768620305
3.535	3.901052254847249	0.8865154948564493	0.006836961094228933	-0.005272866476185634
3.545	3.8904732103536133	0.8805459827438153	0.010383183251065908	-0.004926954869286515
3.555	3.8797957135583943	0.8695356685864303	0.007118566522616554	-0.013120266463073627
3.565	3.8690206104099856	0.8622777725645947	0.002073542571748632	-0.014294497589294686
3.575	3.8581487599029707	0.8518364946337736	0.007070685137149368	-0.014518165319184373
3.585	3.847181033885664	0.8510312546905227	0.005123426078650795	-0.02477548620479375
3.595	3.83611831686674	0.8422970854393936	0.007951781491845722	-0.019889890884756234
3.605	3.82496150582098	0.8323335832082348	0.006810613301531099	-0.02871423007636764
3.615	3.8137115099941665	0.8257359839398651	0.0006835769007507153	-0.03499743672357325
3.625	3.8023692507071605	0.8159066883659147	0.008867745030302743	-0.03030293131094952
3.635	3.790935661159173	0.8179036834251772	0.006718201320537354	-0.033794362542501455
3.645	3.779411686230284	0.8126535189951808	0.005333009328657212	-0.04084276693312727
3.655	3.7677982822832106	0.8104525298169615	0.004126172056486688	-0.04710933479914581
3.665	3.7560964169643665	0.8052721528487135	0.009451869699732995	-0.04487369761576976
3.675	3.7443070690042317	0.7995978953819382	0.008943276958544466	-0.04621645334452662
3.685	3.7324312280170515	0.7949704498413892	0.010380979967975712	-0.047943296421843806
3.695	3.720469894299903	0.7898544920686013	0.010322407526334842	-0.05080290301736978
3.705	3.7084240786311335	0.7891029347882337	0.007896562225723436	-0.05268188749731806
3.715	3.6962948020682096	0.786912682142591	0.012756777404145936	-0.05892084583272439
3.725	3.6840830957449793	0.7794239506703569	0.01259338236202634	-0.062084431102069404
3.735	3.6717900006683886	0.7771209644326591	0.013154781556004025	-0.06137149828593014
3.745	3.6594165675146506	0.7763908802174448	0.013994665248239002	-0.06822532921682889
3.755	3.6469638564249083	0.7753440682912186	0.01789977975190915	-0.06318695499627802
3.765	3.6344329368003807	0.7728424562008521	0.016796257617163413	-0.059602790734804234
3.775	3.62182488709704	0.7694711849717747	0.022436598542422637	-0.04944030520743903
3.785	3.60914079461981	0.7731484473792876	0.023242683123898544	-0.04820285666031765
3.795	3.5963817553163215	0.7687733103542905	0.027632880828805106	-0.03427120322605748
3.805	3.583548873570223	0.7682257471928798	0.026920727025896873	-0.027133009356226312
3.815	3.570643261994076	0.7702334787847189	0.03258829057672319	-0.017117114407144918
3.825	3.5576660412218297	0.7658315004282803	0.03297148276860806	-0.016642940922534155
3.835	3.544618339700916	0.759368107817119	0.036110731758522085	-0.004790593957532341
3.845	3.5315012934839394	0.7663253809268076	0.035971328552798276	-0.0005994336888759388
3.855	3.518316046020013	0.7615852017942034	0.041178719809160214	0.006123360679799461
3.865	3.5050637479457176	0.7657992908305502	0.048633349163680784	0.020336740940329
3.875	3.4917455568757205	0.7609195367744492	0.04707561134732963	0.02047342251657569
3.885	3.4783626371930403	0.762320654275706	0.04697983728798505	0.03158130253252556
3.895	3.464916159838991	0.7640170264228214	0.05519773385894933	0.03505247616533835
3.905	3.4514073021027927	0.7626427502530063	0.06245168574257143	0.05062948423350777
3.915	3.4378372474108665	0.7656382428419001	0.0610847903136893	0.050978018459196806
3.925	3.424207185115827	0.7612201596865963	0.06636247404338924	0.062485511000735405
3.935	3.410518310285164	0.7603021861512902	0.06909750850083807	0.06797866971326094
3.945	3.3967718234896367	0.7692671908528178	0.07409957874968409	0.07158876727781527
3.955	3.3829689305913693	0.7704052633059458	0.07406199583785611	0.07495020709203026
3.965	3.369110842531677	0.752244418452492	0.07090426971044472	0.0793599493933157
3.975	3.355198775118596	0.7419641885103211	0.0717815204053398	0.07240526219282395
3.985	3.3412339488141582	0.7329240280807567	0.06988129552406885	0.0706955217664389
3.995	3.3272175885213806	0.7229605258495979	0.0719181409764511	0.07229098744049534
4.005	3.313150923371004	0.7094163900041164	0.07344162386354913	0.07319811325508474
4.015	3.2990351865079615	0.7009237927359626	0.07080412088733645	0.06953055592711666
4.025	3.2848716148775914	0.6969298026174378	0.06970810068708388	0.06751083582467476
4.035	3.2706614490116084	0.6793970449197198	0.06463354620076434	0.06468883282357085
4.045	3.256405932813801	0.6693744917593891	0.06790007940324205	0.06960034610152999
4.055	3.242106313345503	0.6620307034769402	0.0684629696318364	0.07281121120580947
4.065	3.2277638406108102	0.6568342217098272	0.06463440593631109	0.068273628167689
4.075	3.2133797673415616	0.6405683748561573	0.05989824918298359	0.06431830795492566
4.085	3.1989553487820674	0.6325428167550892	0.06567489381397618	0.06922776308875322
4.095	3.184491842473616	0.6275932752372397	0.0658827588317874	0.06805227852918305
4.105	3.169990508038735	0.6177156652666944	0.06472204166817219	0.06579947460157287
4.115	3.15545260696523	0.6105490297717606	0.06334055519018955	0.0631957619361676
4.125	3.140879402389979	0.6029905108377781	0.056863522218280504	0.06523171753876222
4.135	3.12627215888251	0.5891028059498428	0.05603337636996031	0.06279130414742307
4.145	3.1116321422283515	0.5830849794406138	0.059484236048440664	0.06717337924003242
4.155	3.096960619212151	0.57721209612117	0.06290445545097878	0.06949635836728407
4.165	3.0822588574005905	0.5704266075327082	0.062097523707373536	0.06154359808464793
4.175	3.067528124925058	0.5616172825535425	0.06057657087992796	0.06631108241843897
4.185	3.052769690264127	0.5554384080556634	0.05932189265088317	0.06350426249598473
4.195	3.037984822025809	0.5474826374163436	0.05606967015959041	0.06223178402710694
4.205	3.0231747887296043	0.5351785710834686	0.05994774004217618	0.0620868802595802
4.215	3.0083408585883378	0.5310235329762935	0.053190630535074224	0.05893366951532264
4.225	2.9934842992897974	0.5242756222518503	0.05737400858002273	0.06140608692859373
4.235	2.9786063777781733	0.5137269789952624	0.05338092619735324	0.0606862249747635
4.245	2.9637083600353042	0.5094269976983021	0.05138926783250941	0.056891872252828435
4.255	2.9487915108617195	0.5193046076688476	0.062400753635227346	0.07121253879662648
4.265	2.933857093657512	0.5288654899283809	0.06622408163865234	0.08371485839145443
4.275	2.918906370203021	0.5485509224077233	0.07822931157534452	0.09705969166210826
4.285	2.9039406004393435	0.5560718634776874	0.08478367813489207	0.10529859317144474
4.295	2.888961042248669	0.5726275967109277	0.09008127322578252	0.11422956454594124
4.305	2.8739689512344584	0.5841425278994167	0.09667411152677996	0.1276984093981468
4.315	2.858965580501464	0.5975578253539781	0.10360544603918065	0.14128175243832142
4.325	2.8439521804356036	0.6029797743052013	0.1054185792515474	0.1425017742939565
4.335	2.8289299984836838	0.6126909680208082	0.10979686377684228	0.15722120612167467
4.345	2.8139002789330014	0.6167117994707748	0.11312836161496387	0.15950857590331458
4.355	2.798864262690816	0.6195945584676134	0.1145326569033811	0.16296532261809826
4.365	2.783823187063711	0.626159948138253	0.11864922707801906	0.17332073878064302
4.375	2.768778285536846	0.6292359647214718	0.11736432396293273	0.17329120346049254
4.385	2.753730787553119	0.6326662868797209	0.12270173282726349	0.18199971489893385
4.395	2.738681918292248	0.6361771330322953	0.12432040147324308	0.18547724406687593
4.405	2.7236328984497806	0.6373796246808834	0.12900162563118345	0.1937498884636546
4.415	2.7085849440160503	0.6344539195537382	0.1252853296597083	0.1865752286806588
4.425	2.693539266055081	0.6440845892750199	0.13247511740062468	0.20073328345375763
4.435	2.6784970704834734	0.6378842417119873	0.12961887272811934	0.19808060685532514
4.445	2.6634595578492664	0.6392263082840723	0.1303609029798216	0.20680343567696036
4.455	2.6484279231108134	0.6361502917008536	0.1338253222079735	0.2076382109403616
4.465	2.633403355415661	0.6334500537578186	0.13542127923692426	0.19705472944797897
4.475	2.6183870378794722	0.6276899040304299	0.12492041884128202	0.18809899479528291
4.485	2.6033801473650042	0.6254781783196338	0.1253607277748654	0.17961993301929846
4.495	2.5883838542611564	0.6255157561836523	0.1280695243908747	0.17761757425769886
4.505	2.573399322262105	0.6131633754541822	0.1238374102266131	0.16977917213585947
4.515	2.558427708146562	0.6121165635279558	0.12831692922313653	0.16074732041467188
4.525	2.543470161557151	0.604284263013268	0.11825749131048058	0.15308201868740556
4.535	2.5285278247799674	0.6075213275851369	0.1215385511794227	0.14882844425330766
4.545	2.5136018325242833	0.5966183787535186	0.11459505095856048	0.141270901806958
4.555	2.4986933117024854	0.5910192770147801	0.1169702297612969	0.14204325212371005
4.565	2.483803381210226	0.5891189107487078	0.11721687457532148	0.13643701752276916
4.575	2.4689331517068385	0.5812705054351549	0.10979188809308882	0.12738823492750018
4.585	2.454083725396022	0.5785434261606782	0.11275447416364681	0.1255289497888885
4.595	2.439256195806848	0.5684188759408692	0.10389080241176041	0.1159898447259522
4.605	2.4244516475750992	0.5639685831878354	0.10522007578522752	0.11181969510802747
4.615	2.40967115622498	0.5548908448942527	0.10173839020849718	0.10695877780643537
4.625	2.3949157879512173	0.5504190790760656	0.1008702195804978	0.10342054721219429
4.635	2.380186599401598	0.5407669362896305	0.09582054699909381	0.0996485513086931
4.645	2.3654846374599696	0.5343518580750642	0.09602745628074105	0.09613232465329924
4.655	2.350810939029733	0.524855395010991	0.09216665141561631	0.09221310378225955
4.665	2.33616653081787	0.5143819074824398	0.08768070108150505	0.08493859781826929
4.675	2.321552429119527	0.5091639526501734	0.08545005765037006	0.08170396708987537
4.685	2.30696963960321	0.5034896951833983	0.0880013766935348	0.0807530948001669
4.695	2.292419157096615	0.4905468051622107	0.08408953794094343	0.07628129081706336
4.705	2.2779019653731414	0.49238275223282296	0.08386426518975343	0.08002549608721754
4.715	2.263419036939105	0.47758781034215825	0.07839406746347066	0.069717394815896
4.725	2.2489713328217267	0.473019415730781	0.07796325903449386	0.06887785663844692
4.735	2.234559802357907	0.46414567155615516	0.07382785952230853	0.0635591276877141
4.745	2.220185382983847	0.4548907804750572	0.0760805466517227	0.06306872452424339
4.755	2.20584900002554	0.44937220273064377	0.06952976693641943	0.05619974100703162
4.765	2.191551566490202	0.4428443909240225	0.07061286893558139	0.06135325071545239
4.775	2.17729398285866	0.43543618344611346	0.06622074837771974	0.05406454603100652
4.785	2.163077136878773	0.42778103571894077	0.06516819698670018	0.05229285530892458
4.795	2.148901903359894	0.42146795456385305	0.06258689920741611	0.05008573112057002
4.805	2.134769143968456	0.41115014675766376	0.061603539359858406	0.0489878178767057
4.815	2.1206797070247116	0.4063777580273296	0.0601622823169512	0.045079140396957484
4.825	2.1066344273006825	0.4015302135689587	0.0610766816275401	0.04594284251964076
4.835	2.092634125819354	0.38957508454482576	0.05516044940741516	0.04213222215191115
4.845	2.0786796096551896	0.38601592399565643	0.05731157001068299	0.0410213256540054
4.855	2.0647716717359943	0.37801183895974166	0.05097922898471596	0.03692436635433893
4.865	2.050911090646202	0.3715860242125988	0.05433639903285137	0.04036464460946354
4.875	2.037098630431599	0.3656809312954249	0.04988400542238036	0.03482617729307513
4.885	2.0233350404055988	0.3544558864865062	0.04604822637087702	0.03137378564735338
4.895	2.009621054957059	0.3487333146231359	0.045197330902068344	0.03375046569329432
4.905	1.9959573933597432	0.34464269571142087	0.04608473359188059	0.031573520342247474
4.915	1.9823447595834596	0.33703049411455493	0.043060306385823255	0.033970677056598175
4.925	1.9687838421069308	0.3305509967045287	0.03904765736251692	0.024356858968917483
4.935	1.955275313732469	0.3240822358270791	0.03711880720385463	0.022849891175800385
4.945	1.9418198314025017	0.3185475532838007	0.03867274226679274	0.025162174846038554
4.955	3.12028080540734	1.0239270070390856	0.11673190334810002	0.07321100403183234
4.965	3.1206762092784484	1.018596318614764	0.11742813035662625	0.07762613907246863
4.975	3.1211265330563034	1.010780122898941	0.11235181087670121	0.07087191077983146
4.985	3.121632368448159	1.006292252281889	0.11185805157173423	0.06836591914734047
4.995	3.122194290413869	0.9929574788216526	0.10453093367346522	0.06101284236227267
5.005	3.1228128569947713	0.9871490146976689	0.1008490377788478	0.05572286082139133
5.015	3.12348860914485	0.9774807671123688	0.09950746988553583	0.0522261783329836
5.025	3.124222070564226	0.9821618953158011	0.10321712370417302	0.055932384400260826
5.035	3.1250137475350472	0.9723916506710225	0.09771185802839266	0.05669349158582282
5.045	3.1258641287598343	0.9580046970182716	0.08746633240893065	0.044192119639595795
5.055	3.126773685202348	0.9543542759422005	0.08953454915363679	0.04485964198961634
5.065	3.1277428699310406	0.9500757677103936	0.0917802759798283	0.049264168288317034
5.075	3.1287721179651546	0.9427105063627913	0.08132566069521285	0.037726869500186666
5.085	3.129861846123527	0.9304869640242414	0.07851097083570835	0.03479354462335493
5.095	3.1310124528761745	0.9188592992436971	0.07291779537685805	0.03171228134723325
5.105	3.1322243181987104	0.9173454481503853	0.07485068181933041	0.03148049513960505
5.115	3.133497803429664	0.9149726744509391	0.07718842038004592	0.03220185532685926
5.125	3.134833251130765	0.9069202750184292	0.07103449845642817	0.029934702068395325
5.135	3.1362309849502603	0.8975848599430062	0.06546952155055052	0.024878195199203645
5.145	3.1376913094893144	0.8845077632646102	0.06631330895240772	0.021902587420351782
5.155	3.1392145101715783	0.8839709366357762	0.06726622924365255	0.02249226461757825
5.165	3.140800853115967	0.8749307762062118	0.062365143507198795	0.020320853290396013
5.175	3.14245058501273	0.8742973207841878	0.06607451703402933	0.02446814551054821
5.185	3.144163933002865	0.860559927352326	0.05606129266053106	0.012762122761341033
5.195	3.145941104560943	0.855712382893955	0.05728705141584367	0.020792460378957767
5.205	3.147782287381406	0.8476116690648502	0.0567012879480675	0.014331918386178089
5.215	3.1496876492684036	0.8449275359206802	0.05346180436837589	0.019100146644059013
5.225	3.1516573380292296	0.830631842794831	0.05100264473124394	0.009657163775699473
5.235	3.153691481371414	0.8233900515718605	0.046995063491178435	0.014569014786067092
5.245	3.155790186803546	0.8184941927168946	0.04611235991000573	0.00531813045839602
5.255	3.1579535415398765	0.8129917197713462	0.04399176719973408	0.007450197672341341
5.265	3.1601816124087665	0.8058411890752775	0.04399666074129538	0.01001459360821877
5.275	3.1624744457650436	0.8039247180103402	0.050571124192121175	0.015838929769542265
5.285	3.1648320674063193	0.7925010473487528	0.04575756189680291	0.010335069382747308
5.295	3.167254482493339	0.7924742060173111	0.045417082258717656	0.01660059977645867
5.305	3.1697416754744063	0.7943155213542117	0.05027601345496979	0.01891991444664365
5.315	3.1722936100139587	0.7840460279446175	0.045232977978592714	0.018993056016758825
5.325	3.17491022892533	0.7786723933899893	0.04706363126117541	0.021810743173077185
5.335	3.1775914541077803	0.7695624454986765	0.049296414647225006	0.028387296734426748
5.345	3.1803371864878316	0.7685424749038919	0.04763691587180574	0.026467634210070257
5.355	3.1831473059649653	0.7642908080035267	0.045311158682252106	0.03415677584201626
5.365	3.1860216713617495	0.7662341203999058	0.04616865463640707	0.03885884623690816
5.375	3.1889601203784284	0.7577522596643287	0.044154782094408596	0.041623240121541505
5.385	3.1919624695520485	0.7562974595001887	0.05082212463312974	0.04940781644469694
5.395	3.1950285142201515	0.7566893429392374	0.05322280145031133	0.05900479037337436
5.405	3.198158028489103	0.7537367964806505	0.050894607585597385	0.06116094103473224
5.415	3.2013507652070885	0.747300245200931	0.054309917018136034	0.06704301225188103
5.425	3.2046064559418412	0.7460977535523429	0.05345089845749307	0.06917943618819344
5.435	3.2079248109631364	0.7405308614113344	0.051893872705179867	0.07615443866548843
5.445	3.2113055192301063	0.742135973031548	0.057038741094976864	0.08456057172377185
5.455	3.2147482483834118	0.7392854236324395	0.058246157856995495	0.09282505491394444
5.465	3.218252644742323	0.7370307517913368	0.05860229661718197	0.09535323449866406
5.475	3.2218183333067456	0.7322368899958492	0.058576438784862184	0.10315657766173336
5.485	3.2254449177642313	0.7350981759275343	0.06323208035447792	0.10569918270915957
5.495	3.2291319805020224	0.7288387774353301	0.06125658612332607	0.11477999525474591
5.505	3.2328790826241525	0.7294507597922009	0.06459392314355128	0.11312741046033103
5.515	3.2366857639736564	0.7292843435372623	0.06604533089636799	0.11705312669569046
5.525	3.2405515431599072	0.718413604303374	0.06541227819860929	0.11845215701580258
5.535	3.2444759175911355	0.7220908667108868	0.06547754203229417	0.11861595230525568
5.545	3.2484583635121376	0.721430569957421	0.06687091392693034	0.12028923740170216
5.555	3.252498336047226	0.7198308266034957	0.0663700516489314	0.11563859071169791
5.565	3.2565952692484323	0.712980918819574	0.05985118357221353	0.11395672452510985
5.575	3.260748576149009	0.7125460892502186	0.06754456946432974	0.12292551089111914
5.585	3.2649576488222376	0.7063725830186276	0.0627795008550942	0.11483401690738004
5.595	3.269221858445572	0.7063242686220326	0.06593730774747275	0.11674971520919564
5.605	3.2735405553701535	0.7057444958628919	0.06901241530982816	0.11322422763287321
5.615	3.2779130691956944	0.705019779913966	0.06995475183392497	0.11097943741009875
5.625	3.2823387088507667	0.7030388896535685	0.06511081188713508	0.11452301947014565
5.635	3.286816762678508	0.6967043354333275	0.06350471548279302	0.11030125902532295
5.645	3.2913464985277523	0.6885875168053576	0.06507562774577824	0.10053539683331536
5.655	3.295927163849609	0.6903751494793747	0.06481941171169225	0.09909308410581152
5.665	3.3005579857994993	0.6954427928555676	0.06396127693286058	0.10015354873162186
5.675	3.305238171344654	0.6839385981996553	0.05966159988175157	0.09599941408885604
5.685	3.309966907377085	0.6786132780416221	0.061780873229071886	0.09016959701778049
5.695	3.314743360832032	0.6757090459796302	0.06468547268065494	0.08835400338888832
5.705	3.3195666788118925	0.6745065543310421	0.06027266183713165	0.0815254226236728
5.715	3.3244359887156394	0.6683491528983162	0.06238570966041257	0.0843514504360281
5.725	3.329350398373712	0.6651281931253122	0.06018503863257907	0.08227967534807257
5.735	3.334308996188395	0.6635230815050986	0.057364629545632706	0.07853856569435669
5.745	3.339310851279662	0.661332828859456	0.05633585660574525	0.06929874650376822
5.755	3.344355013636505	0.6602054929389046	0.05428609547617791	0.06832695338703476
5.765	3.3494405142737085	0.646344629382411	0.05124113451269263	0.06503222202063097
5.775	3.3545663653940805	0.6481054207249864	0.05762855328165184	0.07032247885392406
5.785	3.359731560556116	0.64007449435763	0.04991428895766248	0.05977899537718012
5.795	3.3649350748470885	0.6358013543921115	0.04612117198185528	0.054072776221377294
5.805	3.3701758650615394	0.6349800096499955	0.04806453866525118	0.05294303986033455
5.815	3.3754528698851596	0.6285541949028526	0.04779276070246885	0.054799679560398884
5.825	3.380765010084023	0.6194925614081349	0.0428093278821553	0.04579292884981934
5.835	3.38611118869918	0.6186497436008656	0.042211681521630684	0.044602605161264464
5.845	3.391490291246545	0.6107530238907175	0.040574952413062526	0.03927325834069362
5.855	3.3969011859220877	0.61003367620808	0.03855982998466834	0.04235148824239343
5.865	3.402342723812267	0.6110804881343063	0.04030213161633123	0.03679776045816174
5.875	3.4078137391097063	0.6000325961129028	0.03791472015248232	0.036715894662104454
5.885	3.4133130493340404	0.5910890644765285	0.03517451310056341	0.032758396187148486
5.895	3.4188394555579364	0.5867729783807033	0.03463628758270776	0.03193959482334252
5.905	3.4243917426382127	0.5850927110324529	0.030263436991345927	0.02655578655749191
5.915	3.4299686794520445	0.5742649179288714	0.026225181379561757	0.023378758530330446
5.925	3.43556901913819	0.5734757827844853	0.02748951287864232	0.01791376760581964
5.935	3.441191499343219	0.5716881501104681	0.026280192216011855	0.01942586779507205
5.945	3.446834842472665	0.5692992716121569	0.02227664097304638	0.017894087975612205
5.955	3.452497755947072	0.5657347427966992	0.029886832619172132	0.02626048151018545
5.965	3.458178932462884	0.5742917592603131	0.028401608088258534	0.027221673557562998
5.975	3.463877050258115	0.5883673534683402	0.038561647980284164	0.04287878137055223
5.985	3.469590773382742	0.5993132484302652	0.035824441996051615	0.047857260528891166
5.995	3.475318751973781	0.6122776115166061	0.04229339859142911	0.06143518053535968
6.005	3.481059622534965	0.6191865702296995	0.0463049315414259	0.06866400676009499
6.015	3.486812008220964	0.6339654073214992	0.04935804212080397	0.0749850180135685
6.025	3.4925745191261055	0.6376641427941654	0.05392910445994126	0.08435692638586523
6.035	3.498345752577501	0.6487388761470106	0.05849831089877533	0.08823339281255982
6.045	3.5041242934325174	0.6545151306732643	0.060706567196084915	0.09629646342700249
6.055	3.5099087143805443	0.665756280281048	0.05803200655698282	0.10025730853572767
6.065	3.5156975762489497	0.6710171812436211	0.06457701399672677	0.1108173272780979
6.075	3.521489428313179	0.6774376277244757	0.06278155366611404	0.11221615698232679
6.085	3.5272828086109045	0.6816087706305157	0.061820463567735295	0.1148685871273798
6.095	3.5330762442601573	0.693805471637624	0.06767131328451992	0.1205297549139066
6.105	3.5388682517813477	0.7021101795856858	0.07190334411380128	0.13416079165327632
6.115	3.5446573374231134	0.7063833195512044	0.07061271291455018	0.13730097952325226
6.125	3.5504419974918893	0.7126158767119669	0.06537097839225403	0.13670279134846153
6.135	3.556220718685129	0.7163146121846331	0.07094053826102265	0.14690141272916257
6.145	3.561991978428075	0.7216238275438013	0.07054847934139641	0.1485723552611633
6.155	3.567754245214013	0.7211031057138323	0.07199127918203185	0.14525777103237814
6.165	3.5735059789478907	0.7312813385965248	0.06826555594531225	0.14554045774377888
6.175	3.5792456312932277	0.7374870544258456	0.0659472476882419	0.13139352909243707
6.185	3.5849716460222147	0.7386090220801087	0.07069142272217199	0.12973180349515467
6.195	3.5906824593689075	0.7384479740914585	0.06580873202713189	0.12070159314319096
6.205	3.596376500385413	0.748202113937372	0.07240238844229463	0.12533175714551104
6.215	3.602052191300984	0.747015727087649	0.06865124166938852	0.11066397576493037
6.225	3.6077079478839007	0.753001343999148	0.06739326826853542	0.1103004275247772
6.235	3.6133421798060446	0.7562115672395752	0.06594260667553087	0.10189794688501119
6.245	3.6189532910100737	0.7584662390806779	0.06695537581887034	0.10078698960041321
6.255	3.624539680079076	0.7597009403269961	0.06687768241335679	0.09306450505544972
6.265	3.6300997406085984	0.7648813172952441	0.06577144207274532	0.0880158963369837
6.275	3.635631861580957	0.7666367403715313	0.06684918971015286	0.08892257964626205
6.285	3.641134427741692	0.7719191143992578	0.067442612925662	0.08623525358734963
6.295	3.646605819978096	0.7745549331468325	0.06537414746101966	0.08223391464558039
6.305	3.6520444156996623	0.7746139840760043	0.06526105909889779	0.07732349195404109
6.315	3.65744858922037	0.779601103457872	0.0637035813831135	0.07264757082327256
6.325	3.6628167121426722	0.780025196494651	0.058537737368037135	0.06461209459226369
6.335	3.6681471537431003	0.7796279447893137	0.06486540576331468	0.06773484353422266
6.345	3.673438281359326	0.7808465412367669	0.06315976035528159	0.06244571545226618
6.355	3.678688460778605	0.7838742434233906	0.06434015778137603	0.06331190783914664
6.365	3.6838960566274612	0.7878736018082039	0.06399793838873702	0.06252172463922778
6.375	3.6890594327624924	0.7855598790379293	0.05989877089966722	0.056834915840495714
6.385	3.694176952662202	0.7820436646190667	0.05627191488946526	0.05609750251316625
6.395	3.699246979819695	0.7876373980915169	0.06248013810940023	0.05134419864402484
6.405	3.7042678781361538	0.7855115646413343	0.0565126611865594	0.04997886702716392
6.415	3.7092380123149584	0.7890277790601969	0.058094207740904125	0.049825148150629106
6.425	3.714155748256325	0.7846043276386049	0.055485452520648515	0.04569181276150425
6.435	3.719019453452345	0.7911160346463612	0.05621545720979437	0.04493107671133445
6.445	3.7238274973822962	0.7844701209813963	0.05988140483378057	0.03618843134094796
6.455	3.72857825190811	0.7891297761196754	0.05976166169929531	0.042657758148379576
6.465	3.7332700916698616	0.7904288965614537	0.05795011928496496	0.04688964355628178
6.475	3.737901394481165	0.7882654852472527	0.0494295254684749	0.03513134384124306
6.485	3.7424705417243427	0.7873421434456582	0.058509394906357315	0.04720829705683238
6.495	3.746975918745245	0.7908529895982325	0.05572071692961167	0.04516724848036113
6.505	3.7514159152476036	0.7974237475351605	0.06167368994724498	0.05029704151079195
6.515	3.755788925686776	0.7949382402436591	0.05808602783814898	0.048065841547604515
6.525	3.760093349662772	0.795963579104732	0.05747520574598397	0.0499402579080952
6.535	3.764327592312423	0.7922916849635075	0.058822251718516405	0.04838914988269116
6.545	3.7684900647005777	0.7871864637232964	0.06141651436808271	0.05079658071519666
6.555	3.772579184210197	0.7918729601930171	0.05478197482147262	0.046974177412661966
6.565	3.776593374931216	0.7866550053607507	0.05585281515766649	0.0451621372506783
6.575	3.780531068048056	0.788839889740105	0.06329084227344772	0.05128529376130042
6.585	3.7843907022256635	0.79154012768314	0.056229990162966814	0.04930703213896792
6.595	3.7881707239939324	0.7908583578645209	0.059715162820519474	0.04551925402183232
6.605	3.7918695881304143	0.7892478779780189	0.060453458510359326	0.052350560723416706
6.615	3.7954857580411705	0.7896075518193376	0.05879835964553948	0.05347410585158352
6.625	3.7990177061396477	0.7906919416095823	0.05595398400735885	0.04712587922062883
6.635	3.802463914223459	0.7834608869191885	0.05542058260061555	0.05026160228872634
6.645	3.805822873848948	0.7843305460578995	0.05424361168161873	0.049438062483934786
6.655	3.8090930867034096	0.7868053168168242	0.05988640823438107	0.05177049130743061
6.665	3.8122730649748418	0.7825590181827473	0.05653576795613802	0.05201691583017842
6.675	3.8153613317191333	0.7861235469982051	0.0612457474417516	0.05387170130860408
6.685	3.818356421224535	0.7847009564317949	0.06093171017364707	0.05483014751050219
6.695	3.8212568793733084	0.7788656509763695	0.05457950707180537	0.05289072776876336
6.705	3.824061264000459	0.781431682262196	0.060927926372578156	0.05103975444715636
6.715	3.8267681452493916	0.780910960432227	0.05598248933008865	0.04610395379929244
6.725	3.8293761059244122	0.774893133922998	0.05554135594952303	0.04980962733957073
6.735	3.83188374183994	0.771827853872356	0.06205586197421997	0.0574252911243156
6.745	3.8342896621663307	0.7752367029654518	0.058147293200494055	0.05053745259678899
6.755	3.836592489772175	0.7731055012489808	0.05500306857293413	0.046286293750360086
6.765	3.8387908615630044	0.7662341203999058	0.05137587293609691	0.040630374112060164
6.775	3.8408834288162486	0.7698415953456702	0.05277191003458803	0.044147026670263934
6.785	3.842868857512358	0.7648544759638024	0.05622438575015831	0.04471622409045284
6.795	3.8447458286620004	0.7654342487229431	0.05649370808543708	0.04752236398413778
6.805	3.8465130386291886	0.7663200126605192	0.05428202908994262	0.04214500253244524
6.815	3.8481691994502745	0.7645484847853671	0.054088678072959695	0.0411754318620956
6.825	3.849713039148676	0.7549983390584104	0.05013205495709361	0.042024758725539124
6.835	3.851143302045263	0.7534415418347918	0.05288800822889961	0.043019232701260623
6.845	3.8524587490642843	0.7500273244754077	0.05298465216552106	0.040702794577843315
6.855	3.853658158034742	0.744852315773448	0.04937801047735402	0.038104692068154256
6.865	3.854740323987131	0.7465540561868518	0.05282934235665593	0.03557721222333243
6.875	3.855704059445435	0.7470962510819741	0.04847339701098807	0.03666013407450874
6.885	3.8565481947142954	0.7373099016383304	0.04223131153655313	0.03279532755391101
6.895	3.857271578161254	0.7365368712928095	0.051238050340571384	0.03312116412012989
6.905	3.8578730764939966	0.7368643355363982	0.04287525224731148	0.026592625189901797
6.915	3.858351575032505	0.734491561836952	0.040950587375085945	0.02721198831767735
6.925	3.8587059779760224	0.7274859743306684	0.036603386278589944	0.02594576041304486
6.935	3.858935208664773	0.7252849851524491	0.04023335693221508	0.026174794755917663
6.945	3.8590382098363296	0.7196107276856738	0.03862963786820561	0.022631049848941487
6.955	3.8590139438765787	0.7077575957210194	0.031471259278189834	0.019275977608404826
6.965	3.85886139306519	0.7126427180434086	0.031810856419471456	0.02015696659338384
6.975	3.8585795598155173	0.7090030334999142	0.037170731943697355	0.0235899142810696
6.985	3.8581674669088724	0.7027543715402865	0.02907632568860663	0.017779924341971842
6.995	3.857624157723086	0.7048104175287208	0.028923422268039012	0.020651429624394257
7.005	3.856948696455306	0.7020726017216674	0.032314558096896207	0.024417319356792477
7.015	3.856140168338956	0.7033073029679856	0.03141015168297656	0.02689454075967479
7.025	3.855197679854806	0.6963768711897388	0.03211013344460678	0.028736548163893705
7.035	3.854120358936078	0.6981859769289093	0.03203826155386036	0.030871037182764738
7.045	3.852907355167544	0.6923882493375022	0.027970762031250374	0.027058097070346676
7.055	3.851557839978563	0.6932471719436366	0.03521032110760203	0.03525247643079621
7.065	3.850071006829988	0.6987711179543383	0.03206109941225943	0.037121304000004685
7.075	3.8484460713949167	0.6958454128271931	0.03190396398995432	0.045546826050924416
7.085	3.84668227173322	0.6942080916092495	0.030948976937047235	0.046157075759541755
7.095	3.8447788684598097	0.6916957429863064	0.03548659112657848	0.04533312519911803
7.105	3.842735144906613	0.6989053246115469	0.0352021929679589	0.05826308673368197
7.115	3.8405504072781964	0.6951421699434206	0.03110343705987617	0.05975194013396412
7.125	3.8382239848010267	0.6920500485613368	0.028602345124532746	0.05927302199111106
7.135	3.8357552298663036	0.692431195467809	0.032011344459152546	0.06789220325614065
7.145	3.8331435181663585	0.6986691208948599	0.03604106158920306	0.0804493357205116
7.155	3.830388248824586	0.7008217956764842	0.03617014365225035	0.08486844722021925
7.165	3.827488844518869	0.6980786116031426	0.03682837616795798	0.08706373496369291
7.175	3.824444751598488	0.6937893668387589	0.0358307586112252	0.08758623653675368
7.185	3.8212554401944816	0.7025342726224646	0.042140103965552456	0.10144739529476943
7.195	3.8179204043234534	0.6957595205665796	0.03323873820389789	0.0920781809111817
7.205	3.8144391619848035	0.7037582373362061	0.03911968908925978	0.10514244494593461
7.215	3.8108112552513633	0.7018686076027105	0.04134276744216159	0.10631173060004895
7.225	3.8070362503534416	0.6959796194844017	0.0357966148260207	0.10020269522270753
7.235	3.803113737756253	0.7054331364181682	0.03722194888345687	0.10875702537019238
7.245	3.7990433322307533	0.7008379004753492	0.040900953569429355	0.1140219695978042
7.255	3.7948246729178345	0.7073442392168172	0.040937996134993604	0.11342458156984359
7.265	3.790457423385933	0.7046762108715122	0.041446929741716154	0.1131719490137375
7.275	3.785941271682021	0.7086004135282887	0.04413139998861393	0.11727761554088123
7.285	3.7812759303759824	0.7086487279248838	0.03905712203129941	0.10625196934775305
7.295	3.7764611365984146	0.7129057630915373	0.04281666209222479	0.11616844110800284
7.305	3.7714966520718276	0.712395777794145	0.042848519443794864	0.11245200510676234
7.315	3.766382263135296	0.712696400706292	0.04465630710502033	0.1103530494996332
7.325	3.7611177807625307	0.7114939090577039	0.04266995262382611	0.10684742556690008
7.335	3.7557030405734535	0.7231269421045364	0.0490097728691401	0.11178917721151738
7.345	3.7501379028392217	0.7237872388580022	0.04587171443079363	0.1101051555824939
7.355	3.7444222524807937	0.719487257561042	0.044508143221684726	0.10525862266804431
7.365	3.7385559990610333	0.7237013465973888	0.044372044044492576	0.10538030392168185
7.375	3.7325390767703652	0.729327289667569	0.0498851272812475	0.10596536134066104
7.385	3.7263714444060554	0.7272551388802698	0.04864628241598368	0.10401872969422188
7.395	3.7200530853451204	0.7305405178487339	0.04568278227675293	0.10597164385256663
7.405	3.7135840075109057	0.7265841055942274	0.05077956351364321	0.09785357781052206
7.415	3.7069642433333923	0.733450118177014	0.04415828303365643	0.09375765763646782
7.425	3.700193849703247	0.7344969301032404	0.048820921526175454	0.10108240067796337
7.435	3.6932729079196918	0.7325589859731496	0.05335898896418634	0.0967860184874263
7.445	3.686201523632197	0.7364885568962144	0.04678365563608278	0.09150565550899303
7.455	3.678979826776107	0.7391565852415194	0.04917895409135298	0.0894660383599779
7.465	3.6716079715021817	0.7369985421936067	0.05002107245411214	0.09015444813404083
7.475	3.6640861361001704	0.7397148849355067	0.04438954649348048	0.08036382722778468
7.485	3.656414522916439	0.7395967830771633	0.045587379415913176	0.08292677658902758
7.495	3.648593358265712	0.7371381171171035	0.04764404403778144	0.07997546530798405
7.505	3.6406228923370056	0.7403912864878376	0.04716868482203651	0.07590288009330082
7.515	3.632503399093801	0.7362469849132391	0.04980695286429704	0.07701284098115546
7.525	3.624235176168537	0.7428445841816088	0.05027583659716761	0.07056788825870686
7.535	3.6158185447514724	0.7415776733375606	0.052380000025370244	0.070649025277852
7.545	3.6072538494739925	0.7412931552242786	0.04580119095096258	0.06385660007710126
7.555	3.598541458286453	0.7452173578810551	0.0479058884387209	0.06915402172025664
7.565	3.58968176233061	0.7448147379094296	0.04912251155511438	0.06609482793160715
7.575	3.5806751758067117	0.7518417984808665	0.05378289518586943	0.06399132100550275
7.585	3.571522135835356	0.7484920003169424	0.049391769507756145	0.05784654994723182
7.595	3.562223102314158	0.7467526820395203	0.051906759334400476	0.05639613990844228
7.605	3.5527785577693383	0.7446805312522211	0.051564414939289094	0.05000995204154601
7.615	3.5431890072023045	0.7528725056082278	0.054299864786638175	0.048132053782047324
7.625	3.5334549779313047	0.7511009777330756	0.052651713605516015	0.04405425693074916
7.635	3.523577019428241	0.7558089472679497	0.049664049958224155	0.04656794424679611
7.645	3.5135557031507485	0.7547138209451284	0.05335570012519497	0.046521797529167186
7.655	3.5033916223696138	0.7531623919877981	0.05387354212714701	0.0424033819648304
7.665	3.493085391991621	0.7510419268039039	0.05017729761665635	0.035952002139352235
7.675	3.4826376483779375	0.7540964703219692	0.06166704517828414	0.03964650722496943
7.685	3.472049049158109	0.7594271587462907	0.05943012574500539	0.03660564835414837
7.695	3.4613202730397807	0.7535864850245769	0.05482752168077809	0.03764791643599774
7.705	3.4504520196142456	0.7548587641349135	0.05910131437550703	0.032614937865443894
7.715	3.4394450091578763	0.756082728848655	0.05834630787289363	0.03281524616289988
7.725	3.4282999824296123	0.7550573899875821	0.05785126710966093	0.03194469559832891
7.735	3.4170177004645224	0.7573227983612616	0.05795234252875048	0.028472469346031204
7.745	3.4055989443636197	0.7586111822704631	0.06385945549228644	0.030776378957249273
7.755	3.394044515079975	0.7547460305428584	0.06495388994231277	0.02832567940920594
7.765	3.3823552332012716	0.7627179059810432	0.0667365747877513	0.03128762992452172
7.775	3.37053193872888	0.7574033223555866	0.06352607125551746	0.022366459670532857
7.785	3.3585754908535743	0.7663522222582493	0.06797921102580062	0.031110151641128958
7.795	3.346486767728008	0.7626266454541414	0.07113617327995314	0.03106905371318569
7.805	3.3342666662360054	0.7601035602986216	0.07084680453149961	0.02839228308411501
7.815	3.321916101758867	0.7572369061006481	0.06621218025465314	0.02532051970770266
7.825	3.309436007938692	0.7570382802479795	0.0690243930104053	0.026957049906718877
7.835	3.2968273364389273	0.7601948208255234	0.07228787976101181	0.02360226684842992
7.845	3.284091056702178	0.7573174300949732	0.07403521255623424	0.026842816427934846
7.855	3.2712281557054395	0.7573335348938383	0.07695154846795393	0.02734053335836162
7.865	3.2582396377128333	0.7577791009957704	0.07873943238581393	0.02566798907737633
7.875	3.245126524025972	0.754187730848871	0.07777959217382957	0.022418217999200962
7.885	3.2318898527320754	0.7577898375283472	0.08016293449699141	0.023285247044523505
7.895	3.2185306784499135	0.7572583791658014	0.08330656320626328	0.028736273465427287
7.905	3.20505007207373	0.7547836084068767	0.08165238850573697	0.026591733962023634
7.915	3.1914491205152595	0.749732069829549	0.0786306340752505	0.02077882183664337
7.925	3.177728926443893	0.753065763194608	0.08073351099737813	0.02606620212316857
7.935	3.1638906080251843	0.7462212236769746	0.07648587533301221	0.02307754719495514
7.945	3.149935298657762	0.7443799083400741	0.0806348949685951	0.026980053152956263
7.955	3.1358641467087653	0.7445194832635709	0.08347045311824264	0.024874942824562707
7.965	3.121678315247928	0.7406221219382362	0.0791294674501648	0.023313070882873044
7.975	3.1073789817804154	0.7400799270431138	0.08094622284144837	0.02087734592703505
7.985	3.0929673379785396	0.7388559623293723	0.07862521276084244	0.02214257432629574
7.995	3.0784445894124417	0.7346687146244673	0.07587009527053912	0.019840613324373813
8.005	3.0638119552798595	0.7344700887717986	0.07712014253638433	0.024537055307743527
8.015	3.049070668135122	0.7325321446417079	0.08043961352694051	0.023762255802357357
8.025	3.034221973617442	0.7274752377980918	0.07834074512566502	0.01841868287762205
8.035	3.0192671301786316	0.7278456481719872	0.07913448723309635	0.022839111705999615
8.045	3.0042074088103603	0.7220157109828501	0.07836573684351222	0.021611371347050712
8.055	2.9890440927710484	0.7223592800253038	0.07881899931285918	0.027127690133468496
8.065	2.9737784773125107	0.7187947512098461	0.07701325188923569	0.024795128955380275
8.075	2.9584118694064774	0.7145806621734994	0.07638168898719577	0.02368568670468818
8.085	2.9429455874710406	0.7062598494265725	0.072567015611253	0.021431538064699662
8.095	2.9273809610972257	0.7123743047289917	0.07188364870788977	0.021308043664987064
8.105	2.9117193307756826	0.7027543715402865	0.07827111795495334	0.029010337417178844
8.115	2.8959620476237022	0.6989965851384486	0.07453785992686157	0.029009881022031836
8.125	2.880110473112591	0.6964144490537572	0.07502187629399515	0.0274964832152389
8.135	2.864165978795538	0.696237296266242	0.0689890092960983	0.022606738005974014
8.145	2.848129946036066	0.6945892385157216	0.07353558364397195	0.028214075429865426
8.155	2.832003765737169	0.6884318370829957	0.0720787343855065	0.02840965276093388
8.165	2.8157888380712226	0.6857852818028441	0.0721922393764256	0.030504488971172306
8.175	2.7994865722107987	0.6825589537635519	0.07085540344863084	0.0329228845338283
8.185	2.783098386060429	0.6792950478602412	0.07418576878500449	0.03990430187762173
8.195	2.7666257059894406	0.6766914387103964	0.07008883091864693	0.038324948477028054
8.205	2.750069966565975	0.6764444984611327	0.07142603675994064	0.040196909629609534
8.215	2.7334326102922426	0.671140651368253	0.07240906074366604	0.044208661063401156
8.225	2.7167150873411225	0.6645001059695765	0.06402907458900087	0.03989790361362422
8.235	2.6999188552942033	0.6687302998047884	0.06822116535736189	0.045992933411795
8.245	2.6830453788813275	0.6627768924910195	0.06463969720043572	0.04288014969461451
8.255	2.6660961297217454	0.6612791461965726	0.06577944754938514	0.04594294715363878
8.265	2.6490725860669855	0.6606832686385669	0.06254010663950238	0.05101895400562584
8.275	2.6319762325454183	0.6559645625711161	0.0689840222317164	0.05657300272178345
8.285	2.6148085599087456	0.6505265088210278	0.06467327787812005	0.05109747753388394
8.295	2.5975710647803756	0.6477457468836677	0.06653617990201877	0.0546026176877612
8.305	2.580265249405812	0.6540641963050438	0.07109882371408416	0.056388717072066274
8.315	2.5628926214051093	0.6458829584816138	0.06678064685644225	0.06204127473143761
8.325	2.5454546935274895	0.6418728635642239	0.06684280485731975	0.05981909234442795
8.335	2.527952983408163	0.6377768763862205	0.06850278212026906	0.0668617602440198
8.345	2.5103890133274755	0.646027901671399	0.07135597905589552	0.06653683190414328
8.355	2.492764309972334	0.6400047068958816	0.06950253586911215	0.06778077125163273
8.365	2.4750804042001278	0.6315121096277279	0.06989810334581126	0.07020082789464199
8.375	2.4573388308050954	0.6315818970894763	0.0693296238939487	0.06714859353803848
8.385	2.439541128287234	0.6311578040526975	0.06431723502633213	0.06551582218374685
8.395	2.4216888386238122	0.6266108825064736	0.06575640635523294	0.06974546378083102
8.405	2.4037835070435456	0.6280656826706137	0.06518741432006481	0.07152176971720858
8.415	2.385826681803467	0.6230517219573042	0.06804173361570953	0.07806124288525007
8.425	2.3678199139685643	0.6255962801779773	0.06737200578808622	0.07273546487674665
8.435	2.3497647571942637	0.621516397798839	0.06646731908235992	0.06956615846152703
8.445	2.331662767511693	0.6146933313463591	0.06427755249596379	0.06716418095708265
8.455	2.3135155031159274	0.6196858189945151	0.06590928072783608	0.07298628865274748
8.465	2.2953245241571456	0.6132009533182006	0.06993247056579088	0.07243640409334362
8.475	2.2770913925347807	0.6103289308539387	0.06629051977990352	0.07474057530511868
8.485	2.2588176716946933	0.614709436145224	0.06792397262289862	0.08223674086035238
8.495	2.240504926429418	0.6057605362425614	0.06329904833138844	0.06955810970040277
8.505	2.2221547226814855	0.6100766223383867	0.07261438923067987	0.08002905385064363
8.515	2.2037686273499135	0.6044399427356298	0.062451475843454674	0.07015612755366596
8.525	2.1853482080997906	0.6070703932169164	0.06954081689433567	0.07757002277446623
8.535	2.1668950331751193	0.6057712727751381	0.07038607137676456	0.07552302174591863
8.545	2.1484106712148043	0.5991629369741918	0.06490231538581703	0.07300756983395762
8.555	2.129896691071912	0.5970961544531809	0.06715329938035808	0.07626048818736075
8.565	2.11135466163617	0.597493406158518	0.06729439186253128	0.07767929252533756
8.575	2.0927861516597304	0.5921144033376015	0.06652634848917316	0.0731232818350358
8.585	2.0741927295862257	0.5886035571850272	0.06006550365111041	0.06730518856537748
8.595	2.0555759633831228	0.5934296285782448	0.0674325161338949	0.07327912129569913
8.605	2.036937420377388	0.5853450195480049	0.0647383913319528	0.0683953177573029
8.615	2.0182786670944446	0.5871809666186171	0.06992969926569836	0.0708135612542371
8.625	1.999601269100508	0.5820059579166574	0.06677936021203923	0.06530585841626779
8.635	1.9809067908481848	0.5788977317357087	0.061855812863501836	0.06182224298633332
8.645	1.9621967955254511	0.5802827444381004	0.06716988390565204	0.06346203310404053
8.655	1.943472844907935	0.5783716416394513	0.0635773067787464	0.05871932117635237
8.665	1.924736499214535	0.5762619129881338	0.0653790784922843	0.055634612512833526
8.675	1.9059893169663507	0.5708131227054688	0.06283358220278412	0.053583273017724586
8.685	1.8872328548489392	0.571006380291849	0.06345123583289736	0.046591513096504444
8.695	1.868468667577873	0.5662500963603798	0.06175366932530224	0.045692901170126365
8.705	1.8496983077675702	0.566298410756975	0.06400707485157087	0.040953494800643586
8.715	1.8309233258034305	0.5624976782248303	0.06186454573204658	0.037943736487345614
8.725	1.8121452697172378	0.5563295402595277	0.060218895608720846	0.038568006922311104
8.735	1.7933656850657667	0.5544291739934554	0.06240885281912556	0.036789346184956884
8.745	1.7745861148126578	0.5534306764638242	0.061937563982966015	0.03364188707891125
8.755	1.7558080992134706	0.5492971114218025	0.0625851167770195	0.033619911979096084
8.765	1.7370331757039303	0.5486529194672017	0.05971208428957686	0.02641792106652807
8.775	1.7182628787913021	0.5473054846288284	0.058046256463896384	0.02547064186396808
8.785	1.699498739948908	0.5453621722324493	0.06064592399943214	0.02532622954787689
8.795	1.6807422875137457	0.5405897835021152	0.05936034667888723	0.02268446291217696
8.805	1.6619950465871198	0.5420177423348136	0.059857360773178936	0.02062322208761036
8.815	1.643258538938368	0.5447287168104252	0.0653376902570284	0.02181300577456846
8.825	1.6245342829115097	0.5452387021078176	0.07086735678017853	0.02413906080712902
8.835	1.6058237933348902	0.5435262251618371	0.0696375755994807	0.018259067445240307
8.845	1.5871285814337235	0.548341560022478	0.07754050316633121	0.021719883353448655
8.855	1.568450154745502	0.5460117324533384	0.07718701822937168	0.019566925606833374
8.865	1.549790017038232	0.5467042388045343	0.08193230933661111	0.022212031203722393
8.875	1.531149668231453	0.550569390532139	0.0870221176507524	0.019197835670235808
8.885	1.5125306043200086	0.5528723767698368	0.08720153920456619	0.021823964485444103
8.895	1.4939343173004627	0.5534843591267076	0.09630976248475642	0.02196974889762271
8.905	1.4753622951001897	0.5562973306617978	0.10034931974604655	0.022493113057510783
8.915	1.4568160215090487	0.5552075726052647	0.10485203389494124	0.020732189360342934
8.925	1.4382969761135544	0.552985110361892	0.10380978978817446	0.01693885585490884
8.935	1.4198066342335665	0.5563778546561228	0.11126447342971169	0.02259281921133338
8.945	1.4013464668613738	0.5582674843896185	0.1109149200114401	0.015684856894983223
8.955	1.3829179406031598	0.5590297782025627	0.11650358570065089	0.018112172735512688
8.965	1.3645225176227567	0.5624225224967935	0.1198461773653201	0.018005986364548532
8.975	1.3461616555876557	0.5586647360949556	0.12399353424851212	0.019261704280872927
8.985	1.3278368076172131	0.5623849446327751	0.12932334522384137	0.017549679166088072
8.995	1.3095494222329394	0.5615367585592175	0.13312185318108316	0.02053279841713218
9.005	1.2913009433109024	0.5634210200264247	0.13522514168419963	0.016220008751610004
9.015	1.2730928100360672	0.5606670994205064	0.13518458803765565	0.014866104279320558
9.025	1.254926456858611	0.5626157800831738	0.13853341532198504	0.02180980994917947
9.035	1.2368033134520693	0.5646503530064546	0.14382211082825824	0.018806895513817867
9.045	1.2187248046732964	0.5593948203101698	0.14559837190782599	0.024258115076006392
9.055	1.2006923505241343	0.560092694927654	0.14925972899720508	0.024222155761455033
9.065	1.182707366114746	0.5619340102645546	0.151531155842477	0.022241489134679604
9.075	1.1647712616285508	0.5601087997265191	0.1522834302346916	0.026190777654886643
9.085	1.1468854422886299	0.5646449847401662	0.15784893486730667	0.027403789875009243
9.095	1.1290513083256388	0.5637109064059951	0.16700841675474676	0.027798627448000435
9.105	1.1112702549470257	0.5613488692391255	0.16431700134805594	0.023624896979458798
9.115	1.0935436723076042	0.566615138467987	0.16882789163690237	0.026790513009225858
9.125	1.0758729454813136	0.5638451130632036	0.173633515131578	0.029571705413347305
9.135	1.0582594544341515	0.5621487409160882	0.1745255664519263	0.02812973643752681
9.145	1.0407045739981797	0.5599638565367339	0.1729282130578591	0.025334905025675702
9.155	1.0232096738465255	0.5593840837775932	0.17970742435916964	0.029072681737476902
9.165	1.0057761184693161	0.5621433726497999	0.17584570418647427	0.02772941649946059
9.175	0.9884052671504802	0.5595666048313968	0.1839906923194512	0.0328488957914963
9.185	0.9710984739453037	0.5591854579249246	0.1829759397494306	0.027423832968029194
9.195	0.9538570876586931	0.5537366676422596	0.18806948638823817	0.03146010744389782
9.205	0.9366824518240802	0.5612522404459355	0.19310417781580158	0.03419883604124507
9.215	0.9195759046828704	0.5547620065033325	0.19011058784251222	0.031659624722426116
9.225	0.9025387791643587	0.5563349085258161	0.19292289402886675	0.029616806986089372
9.235	0.8855724028660574	0.5554437763219516	0.19444161090078227	0.031066897548276184
9.245	0.8686780980343414	0.5432148657171134	0.19232970815266626	0.03090589810978739
9.255	0.8518571815453391	0.5418298530147218	0.19378502090011196	0.03795196284661406
9.265	0.8351109648860346	0.5389846718819016	0.19024734603562266	0.03007176927418964
9.275	0.8184407541353951	0.5394678158478522	0.19036352127820688	0.028243549834793713
9.285	0.8018478499455983	0.532483701406722	0.19250300894756212	0.03378045171582822
9.295	0.7853335475231789	0.5327628512537156	0.19359499410290315	0.030885456299684533
9.305	0.7688991366100513	0.5275448964214493	0.18773540266084954	0.028407751117946134
9.315	0.7525459014643456	0.5210331894136929	0.1874670688725022	0.026146153247780912
9.325	0.7362751208409763	0.5192562932722524	0.19102031195239677	0.03325812337494205
9.335	0.7200880679718611	0.5195676527169761	0.19050455185553883	0.032051068170847685
9.345	0.703986010545774	0.5174686605982353	0.19442770029773815	0.03398645668609679
9.355	0.6879702106876293	0.5158259711140033	0.19066465420364587	0.02940252466116
9.365	0.6720419249373073	0.5097490936756025	0.1899554622787294	0.029660230282032574
9.375	0.6562024042278127	0.5070112778685492	0.1897015452978037	0.030151477578543417
9.385	0.6404528938627585	0.5077306255511868	0.1953992983999986	0.032581088888680165
9.395	0.6247946334930923	0.49971043571640694	0.1879973050655006	0.02549553710079744
9.405	0.6092288570930082	0.4979389078412548	0.1944606042460597	0.03818820413427271
9.415	0.5937567929349641	0.49400396865190166	0.19261804026166196	0.0320471964846778
9.425	0.5783796635637519	0.4930323124537121	0.1939635042928809	0.034471234150710295
9.435	0.5630986857695917	0.49055754169478744	0.1924220631844098	0.026845694766911565
9.445	0.5479150705600659	0.48806666613699773	0.18980023323483142	0.029840117935838073
9.455	0.5328300231310084	0.4875298395081637	0.19338897227365104	0.03198659235668311
9.465	0.5178447428361506	0.4782695801607774	0.19066482078139035	0.029190134722785643
9.475	0.5029604231555307	0.4801806829594264	0.19457412561930854	0.03219352837305145
9.485	0.48817825166258744	0.47405549112443063	0.18923875446867555	0.029932744341570672
9.495	0.47349940998989437	0.47236985550989186	0.1915113617698947	0.02870627421645411
9.505	0.4589250737934645	0.4674793649212142	0.19161687495816127	0.03753341071435301
9.515	0.4444564127156121	0.4659333042301724	0.19381007181445886	0.03174853256707144
9.525	0.4300945903462401	0.4650797498903263	0.19204660012459707	0.030938587585818578
9.535	0.4158407641826207	0.46203594290483757	0.189044993109603	0.02968204359427795
9.545	0.40169608558749026	0.4604576726160657	0.19137503025509428	0.032221041862700917
9.555	0.38766169974552844	0.45783795866735577	0.19363812062326913	0.03295694306677088
9.565	0.3737387456180967	0.45259316250364773	0.19011681442101303	0.03250383791095568
9.575	0.3599283558962336	0.4515624553762865	0.1905715010184328	0.03062098505144739
9.585	0.3462316569518493	0.44972650830567423	0.19588589021096858	0.03469297549711636
9.595	0.3326497687870793	0.4445568678700029	0.18840381603500367	0.029746640585863515
9.605	0.31918380498178656	0.44553389233448076	0.19179361864248445	0.029048884631117655
9.615	0.305834872639104	0.44217335763798	0.19228670374199375	0.03222802391652313
9.625	0.29260407232909724	0.4442186670938375	0.19484386325226932	0.03231799906241517
9.635	0.279492498030385	0.437814325411848	0.19283995836788836	0.034900891109745924
9.645	0.2665012370697959	0.4371003459954988	0.19331079900337977	0.03199120406638767
9.655	0.25363137005996617	0.4361179532647326	0.19449967176746874	0.03196117583947844
9.665	0.24088397083488178	0.4329828857523421	0.19126484943783906	0.03204822112650896
9.675	0.22826010638332073	0.4311952530783249	0.19394215356796662	0.03206794328760276
9.685	0.2157608367801891	0.4296706654524364	0.19318999532150105	0.03494361506175392
9.695	0.20338721511573254	0.43028801607559547	0.19343566673202606	0.03376113766715361
9.705	0.19114028742256473	0.42331463816704196	0.19083051854725586	0.029877500411321645
9.715	0.1790210926005491	0.421956466796092	0.19019985457045685	0.02973469295284259
9.725	0.16703066233950814	0.4207378703486388	0.18965082813738743	0.03122308850265476
9.735	0.1551700210396838	0.4143711065306677	0.1881064162942021	0.027857946066456085
9.745	0.14344018573003758	0.4154823376523541	0.19086878952296704	0.029679457091136285
9.755	0.1318421659843092	0.4144355257261278	0.19099464455964688	0.02938714288736577
9.765	0.12037696383484864	0.41019996362462763	0.18935739277215147	0.03134681255526384
9.775	0.10904557368422463	0.4095128255397201	0.18825224198079038	0.03134059393867872
9.785	0.09784898221458649	0.40586240446364896	0.18698139709414852	0.028212752022843457
9.795	0.08678816829481883	0.4148918283606367	0.1956500942202477	0.03242333634042449
9.805	-Inf	0.0	0.0	0.0
9.815	-Inf	0.0	0.0	0.0
9.825	-Inf	0.0	0.0	0.0
9.835	-Inf	0.0	0.0	0.0
9.845	-Inf	0.0	0.0	0.0
9.855	-Inf	0.0	0.0	0.0
9.865	-Inf	0.0	0.0	0.0
9.875	-Inf	0.0	0.0	0.0
9.885	-Inf	0.0	0.0	0.0
9.895	-Inf	0.0	0.0	0.0
9.905	-Inf	0.0	0.0	0.0
9.915	-Inf	0.0	0.0	0.0
9.925	-Inf	0.0	0.0	0.0
9.935	-Inf	0.0	0.0	0.0
9.945	-Inf	0.0	0.0	0.0
9.955	-Inf	0.0	0.0	0.0
9.965	-Inf	0.0	0.0	0.0
9.975	-Inf	0.0	0.0	0.0
9.985	-Inf	0.0	0.0	0.0
9.995	-Inf	0.0	0.0	0.0
