# xs μloc ρ χ_N χ_cluster
0.005	-Inf	0.0	0.0	0.0
0.015	-Inf	0.0	0.0	0.0
0.025	-Inf	0.0	0.0	0.0
0.035	-Inf	0.0	0.0	0.0
0.045	-Inf	0.0	0.0	0.0
0.055	-Inf	0.0	0.0	0.0
0.065	2.2013508334224823	0.6665925383287112	0.16211518211237141	0.0722876563801571
0.075	2.2325382524964343	0.6604180838260687	0.15188788897643324	0.0540361625714052
0.085	2.2641138025244283	0.6678549003191879	0.14639434831880394	0.04477244997607621
0.095	2.296068028437013	0.6653628800167443	0.15076599051212103	0.04647693174326428
0.105	2.3283913291379994	0.6699283135367066	0.14269856127991165	0.0367368977252851
0.115	2.361073960564033	0.6652843911883208	0.13579710414945279	0.040851558057833026
0.125	2.3941060388001523	0.6675344042697923	0.13562361428879033	0.03829300398244451
0.135	2.4274775432503093	0.6724072523677463	0.1260373529791421	0.031946221999100244
0.145	2.4611783198617823	0.6740424362932342	0.12368202018319785	0.03363538498363394
0.155	2.495198084402427	0.6715569567264926	0.11801666530361121	0.026774256702953858
0.165	2.529526425789641	0.6826369630055988	0.11557254955514118	0.02616068753186518
0.175	2.564152809469929	0.6835068808539585	0.10980138158833164	0.027305280064972903
0.185	2.599066580847944	0.6819044006069803	0.10287094936406582	0.01999831224950155
0.195	2.6342569687638084	0.6871827743184553	0.10172709474503083	0.017517776682449915
0.205	2.6697130890175527	0.6960127675160902	0.09939760223590532	0.01982250205035685
0.215	2.705423947939477	0.6976937365914918	0.09637017706270257	0.01913703181979587
0.225	2.741378446005184	0.6930236513002983	0.08458374291591841	0.010329264989936915
0.235	2.7775653814940644	0.6989233949034588	0.08555281536903792	0.009810924265803767
0.245	2.8139734541899704	0.7030178954528805	0.07787535402643275	0.007139379651118327
0.255	2.85059126912279	0.7104023860603841	0.07621004886051086	-0.0024145328814992872
0.265	2.8874073403496285	0.7150070639945582	0.0752705927138777	0.0023496850104758327
0.275	2.924410094774297	0.7183624614096593	0.07326142553738801	0.0016693088120722788
0.285	2.9615878760037533	0.7177149285751662	0.0655505812573951	0.0016648605286866403
0.295	2.9989289482401635	0.7247331379833604	0.05774377953839949	-0.008272186168057027
0.305	3.036421500207229	0.7278072837632777	0.052850576758897816	-0.00886820959230783
0.315	3.074053649109377	0.7326081837685103	0.055069692544263305	-0.010535952808820248
0.325	3.11181344462244	0.7319148657841034	0.04854765876198286	-0.013699230280962205
0.335	3.1496888729144183	0.7389854010779132	0.04077819635113222	-0.015765364361855827
0.345	3.187667860694888	0.7458531735649626	0.05177167585163289	-0.009904462580203166
0.355	3.2257382792916403	0.7479462089895872	0.04034075443040752	-0.013189720282013706
0.365	3.2638879487530805	0.750274710899482	0.03886934124166075	-0.012137447268171897
0.375	3.302104641974964	0.7569331798440688	0.035592015129064514	-0.015462827941967294
0.385	3.3403760888499487	0.7649782847574695	0.0321203075202785	-0.021415920847450698
0.395	3.378689980438536	0.7701912511119251	0.03151517461138642	-0.017618724414706577
0.405	3.417033973159861	0.7693278739992674	0.027916500546890433	-0.01619659483096081
0.415	3.455395693000851	0.7772683271414369	0.02688829756706479	-0.020009141559008903
0.425	3.493762739742251	0.782409345403171	0.01786458696274984	-0.02645232449558521
0.435	3.5321226911999632	0.790820731515881	0.018101222225912927	-0.023689385952655684
0.445	3.570463107480205	0.7919391973209147	0.01759937871676609	-0.023571699271820457
0.455	3.6087715352469143	0.7907357019517556	0.012580666722971756	-0.02938292071679527
0.465	3.6470355119999027	0.7984341478729527	0.008980954624281168	-0.023355436880352354
0.475	3.685242570362146	0.8022408560514886	0.012021155709133424	-0.023316006690388136
0.485	3.72338024237472	0.8036078698131965	0.006774770297959698	-0.031217272327213053
0.495	3.7614360637977615	0.8082321699544764	0.005438885226584311	-0.023272536454725934
0.505	3.799397578415931	0.8183703102925017	0.0039840087997857765	-0.024890929969246134
0.515	3.837252342346774	0.8246624980377792	0.005239666799700338	-0.018036156648515878
0.525	3.8749879283504307	0.8267816964052117	0.003121800465020641	-0.01790267616285579
0.535	3.9125919301391012	0.8283972581235938	-7.984318955234215e-5	-0.022860621080868615
0.545	3.95005196668469	0.8416684108628538	-0.002986368293098174	-0.022041516101544367
0.555	3.9873556865230437	0.8397323530950761	-0.003825041631229098	-0.02393583911217423
0.565	4.024490772053213	0.8410143372926587	-0.002563569589455028	-0.017607558564993298
0.575	4.061444943830142	0.8422505363403275	0.00034456444916841633	-0.01007543649336684
0.585	4.098205964849198	0.8451088378420805	-0.0060287971400034834	-0.012698390501117096
0.595	4.1347616448209745	0.8507534927528648	0.0007086804907556754	-0.002760838212450878
0.605	4.171099844434773	0.8625856836376956	-0.0006868701344417971	-0.006485074897180532
0.615	4.207208479609189	0.859269530636806	-0.00022928614886197352	-0.0008499209136716424
0.625	4.243075525728226	0.8655420961749778	-0.0008991603983989904	-0.006319614084782987
0.635	4.278689021861368	0.864966511433206	0.0011232608931246446	0.003510791387631329
0.645	4.314037074966012	0.8756279106273873	0.006078876600685845	0.009928874772027196
0.655	4.349107864070755	0.8728415572183559	0.004034962188455893	0.010188210451436586
0.665	4.383889644437906	0.8724294908691329	0.0024965401695116185	0.00989045200672134
0.675	4.418370751703714	0.8824891423787348	0.008945730129769736	0.016591533323331298
0.685	4.4525396059947555	0.8829339124064675	0.011441179237758448	0.0262824753730877
0.695	4.48638471601892	0.8871069017843127	0.013395363925028825	0.03144053237539124
0.705	4.519894683129481	0.8872573387054576	0.010652588853822031	0.03644866416490311
0.715	4.5530582053607285	0.8903380252210769	0.016077158505892974	0.032866278246549196
0.725	4.585864081433623	0.8898147663649207	0.01538981011074192	0.04568166676545582
0.735	4.618301214729982	0.895465962011407	0.02101185416605933	0.04480359592478189
0.745	4.650358617233695	0.9007704986656899	0.03155534169337937	0.05827384815014103
0.755	4.6820254134374935	0.898448537491497	0.028555923891584456	0.06330721306080322
0.765	4.713290844213761	0.9083839150227617	0.031036141539813933	0.06838619709686222
0.775	4.744144270647973	0.899671655067762	0.029554639381754733	0.06817174825835792
0.785	4.774575177833271	0.9009732614724504	0.0357307598887715	0.0841231714524735
0.795	4.804573178624748	0.9064413165192821	0.03926643639069649	0.0866934529478729
0.805	4.834128017352024	0.9082661817801266	0.042859537441889195	0.08445954361177943
0.815	4.863229573488695	0.9100387211553556	0.0498164817499509	0.09671749702480881
0.825	4.891867865277256	0.9169915232065303	0.05758555311988367	0.10702265305152814
0.835	4.920033053308117	0.909293077285333	0.05138724313705012	0.11204247181568228
0.845	4.947715444051362	0.9148723248390979	0.05853916849961571	0.11015299968114167
0.855	4.974905493339864	0.9135707184344095	0.061219204133041494	0.11867700948372928
0.865	5.001593809802469	0.9150423839673486	0.06177718181306968	0.11575805884889512
0.875	5.027771158245911	0.9163374496363351	0.06760361109828938	0.1258069847181611
0.885	5.05342846298414	0.9188817958243943	0.06945684418716436	0.13570163491693643
0.895	5.078556811113836	0.9237481031866465	0.07813582546347497	0.14376788069900526
0.905	5.103147455734806	0.9237415624509445	0.08562847634831883	0.15466853339247066
0.915	5.127191819114028	0.9224857411961698	0.08968366987919829	0.16095526542970484
0.925	5.150681495792154	0.9224334153105541	0.08634979977726864	0.1553932325166434
0.935	5.173608255631236	0.9269988488305164	0.09329989971673935	0.15947377303688803
0.945	5.195964046802516	0.9167822196640678	0.09155267330868089	0.15684688809908875
0.955	5.217740998713121	0.8882122861179426	0.0768820140645925	0.13757149660578483
0.965	5.23893142487052	0.8649468892261002	0.06745030569354071	0.11653952462369643
0.975	5.259527825683646	0.8490529014703574	0.06065757252496873	0.11132618718918597
0.985	5.279522891199578	0.8259968081209774	0.05503803337959301	0.1029274653774741
0.995	5.298909503774734	0.8101747684579561	0.04440653920098647	0.08614769448197723
1.005	5.317680740679508	0.7989639474648108	0.03835900203778575	0.0739517546004893
1.015	5.335829876635373	0.7710742504316885	0.03183295530657748	0.05498237236989967
1.025	5.353350386283408	0.7451990999947674	0.025344754498765276	0.046397529072825794
1.035	5.370235946583327	0.7235688870284129	0.013825883495547586	0.023293797046648468
1.045	5.386480439142044	0.7073674846946785	0.010592691943421606	0.016152332374739897
1.055	5.402077952470852	0.6870650410758202	-0.0002190661526428883	0.005727589107052733
1.065	5.417022784170355	0.6810737271728324	0.0033479251713055547	-0.004682947216203326
1.075	5.431309443042257	0.67868635864162	0.008624919415063381	-0.0008936963629895267
1.085	5.444932651127198	0.6841413322170478	0.0158892915436164	-0.003293340708748982
1.095	5.45788734566781	0.6896813353566009	0.019229396821492273	-0.004107032311194692
1.105	5.470168680996233	0.6940832504840144	0.02117197630187384	-0.004700012767337336
1.115	5.48177203034531	0.6961370414944273	0.022326859200751947	-0.010284509559260524
1.125	5.492692987582769	0.6981973732405421	0.026356157302380723	-0.006833496625099578
1.135	5.502927368867682	0.7009771859138716	0.03075824507342162	-0.008926992022744162
1.145	5.512471214228517	0.7032141175239391	0.03463394688878463	-0.0039822889556691
1.155	5.521320789062196	0.7040644131651929	0.04314518974196169	0.011870697741764635
1.165	5.529472585553487	0.7131821987337136	0.04386628345798638	0.015899067110945575
1.175	5.536923324014214	0.7153929674009732	0.04073126915388947	0.019668504336319392
1.185	5.543669954141702	0.7152294490084244	0.042820446931417955	0.028181106535066558
1.195	5.549709656195943	0.7163021296635446	0.039033550699847375	0.03440164578110827
1.205	5.5550398420950176	0.7194743864789912	0.04555363001423007	0.043985068520211
1.215	5.559658156428297	0.7237389461566637	0.044469579400179704	0.047448382665136846
1.225	5.563562477387007	0.7211618962900948	0.049397009557669236	0.05876465121075247
1.235	5.566750917611779	0.7261263146878761	0.05082201323449276	0.05876823128343145
1.245	5.569221824956788	0.7286837423473392	0.04571542725997446	0.05963563292118801
1.255	5.57097378317019	0.7256292187745278	0.05257340670313582	0.0714834421821593
1.265	5.572005612490542	0.7297564230024594	0.03935802189753712	0.06383508483532707
1.275	5.572316370158935	0.7280754539270577	0.046224858927785384	0.06584832441338428
1.285	5.571905350846611	0.7298806969807964	0.04134515129187566	0.06469191603874958
1.295	5.570772086997875	0.7328240280466747	0.03921690174376291	0.06028643588780791
1.305	5.568916349088103	0.7380042907226205	0.03876666681515761	0.05807854980912164
1.315	5.566338145796744	0.7374810318664643	0.03814472577702599	0.05490838027245837
1.325	5.563037724095189	0.7448328187954582	0.036372689163312266	0.05066485799278686
1.335	5.559015569249436	0.7398487781905708	0.03262316835921997	0.04990083214931795
1.345	5.55427240473753	0.7475079796975563	0.03468262147226664	0.04285648519453367
1.355	5.548809192081742	0.7500130814714039	0.031056146872455948	0.03758626917745689
1.365	5.542627130595541	0.7549905813405892	0.030309150019714792	0.03664695001673013
1.375	5.535727657045403	0.7586468525979803	0.02794891022684265	0.03634179297267326
1.385	5.528112445227546	0.7581890010988436	0.025447396659668442	0.030589407107816546
1.395	5.519783405459723	0.7598438072314374	0.02367020455857105	0.02831006395062885
1.405	5.5107426839882265	0.7653511066924807	0.022253115304568638	0.02265554079170018
1.415	5.5009926623102885	0.7689223483857465	0.021514803395286997	0.021137252939340767
1.425	5.490535956412103	0.7738344408979122	0.02234650522929904	0.025991651336465527
1.435	5.479375415922718	0.7716694573805661	0.016424203986236563	0.020076506645565928
1.445	5.467514123184095	0.7765880906284339	0.009462381093113592	0.007286753840513249
1.455	5.454955392237647	0.7782101930825179	0.007715812993967397	0.007210951477844674
1.465	5.441702767727583	0.7834689445868871	0.009368837302291766	0.0038260739545599165
1.475	5.427760023721499	0.7854377060331746	0.00934621320432516	0.006178935601365065
1.485	5.413131162448558	0.7978454816597771	0.010833793064069397	0.010892568259772695
1.495	5.397820412955763	0.7967139343833395	0.0029051045299164358	-0.00036949876486325195
1.505	5.38183222968277	0.7950722097221495	0.0024514294801321057	-0.002741651984087934
1.515	5.36517129095575	0.7977735335670556	0.002251696976098394	-0.008570248449299989
1.525	5.347842497400858	0.8063353566009105	-0.0002675243033483099	-0.007483810004252689
1.535	5.329850970277856	0.8088862435246716	-0.0034018403254707508	-0.014906274222557858
1.545	5.311202049734518	0.8110446863063158	-0.002630130309436929	-0.014501182714389937
1.555	5.29190129298242	0.8207838417665219	-0.006650800536902146	-0.01935515829612644
1.565	5.271954472394797	0.8243550834597876	-0.007546090103031311	-0.020801498055764256
1.575	5.251367573527163	0.8221639369996337	-0.0048990750235038405	-0.021043758308421534
1.585	5.230146793061389	0.8340876981842917	-0.01158941476719555	-0.025409679402514485
1.595	5.208298536674023	0.8294176128930982	-0.015134521929519806	-0.0288867466352829
1.605	5.185829416829618	0.834323164669562	-0.013422853005335966	-0.028351987523134614
1.615	5.162746250499861	0.8427868766678877	-0.016576223941850543	-0.03158449605249247
1.625	5.13905605680938	0.851682277222542	-0.013302687336985919	-0.030213721615886868
1.635	5.114766054609072	0.8499816859400345	-0.016602709540645577	-0.029274883122313522
1.645	5.089883659977816	0.8499359007901208	-0.012921878740490556	-0.02921567034570982
1.655	5.064416483653563	0.8536379571974255	-0.012670761588239543	-0.033373666873502295
1.665	5.038372328394704	0.85737271728324	-0.01042918110603619	-0.029459708408047458
1.675	5.0117591862726885	0.8715857359635811	-0.017176706297305167	-0.032920693532468626
1.685	4.984585235896912	0.863743393856941	-0.012459830087601098	-0.03788375270532374
1.695	4.956858839572923	0.8741431636230443	-0.01552017155600538	-0.03684111042854088
1.705	4.928588540394936	0.8734236826958296	-0.012341341739258382	-0.028353271030857385
1.715	4.89978305927381	0.8806708178535921	-0.005881322627783625	-0.027486753124407404
1.725	4.870451291901555	0.8791926115849511	-0.009915463195140362	-0.018324153615897565
1.735	4.840602305653461	0.8812071581811523	-0.008392870267402763	-0.02450075747972358
1.745	4.810245336429094	0.8823844906075036	-0.007029476977966631	-0.014344420944003566
1.755	4.7793897854332545	0.8869630055988698	0.0005807609908847766	-0.011442246142435053
1.765	4.748045215898122	0.8907370100988959	-0.0006129735999866881	-0.008813371751537069
1.775	4.71622134974781	0.8944390665062006	0.0036018293876463048	-0.007895757374615009
1.785	4.683928064206591	0.8999267437601381	0.007938031598285988	-0.0005620998588313775
1.795	4.651175388352026	0.8933598451153786	0.007418397068134297	0.002788751447199367
1.805	4.617973499614292	0.9005938988017372	0.004800351301816441	0.004807472129518153
1.815	4.584332720223052	0.9047211030296688	0.013045120334321147	0.009835060573068155
1.825	4.550263513603124	0.8988475223693161	0.015947210863724415	0.01674817422906072
1.835	4.51577648072036	0.9022029197844174	0.021008578981042803	0.023988628965720515
1.845	4.480882356379083	0.9094238919993721	0.022995687425415134	0.029775846704688025
1.855	4.44559200547243	0.9032428967610276	0.025022700765341632	0.03191561309293345
1.865	4.40991641918705	0.8977552195070901	0.029693091616290523	0.034543496051221645
1.875	4.373866711163561	0.9041651404950029	0.0263594074004887	0.03399139766212089
1.885	4.337454113614182	0.9067421903615719	0.03318567929940652	0.04567235584456686
1.895	4.300689973399015	0.9025822824551305	0.03291852814672325	0.05057945779524298
1.905	4.263585748062443	0.9074485898173826	0.037843127130113174	0.04736293449144524
1.915	4.226153001831113	0.9056302652922401	0.04650385627826914	0.05861927208221829
1.925	4.188403401574996	0.9078475746952017	0.052914807592912005	0.06759134791233246
1.935	4.150348712733083	0.9047603474438805	0.05776924223471802	0.0772407828404087
1.945	4.112000795205171	0.8977355972999843	0.058038084195473516	0.07948317062996901
1.955	4.0733715992113115	0.9055386949924128	0.0618910005848754	0.0885242080221138
1.965	4.0344731611204985	0.899540840353723	0.0649774859729888	0.0844423501366589
1.975	3.995317599250091	0.8956948877609754	0.06255354287366899	0.09060663726911988
1.985	3.955917109637587	0.8850923551881116	0.06701117296474468	0.08418717443711365
1.995	3.916283961786336	0.8890756632306002	0.06788977190283063	0.09393545880164256
2.005	3.8764304943867374	0.8726060907330857	0.0738070221627698	0.09106992519651369
2.015	3.836369111014551	0.8637826382711528	0.07041640316228026	0.08095177438646317
2.025	3.796112275807958	0.8594853749149705	0.07037336755903478	0.0865990179373175
2.035	3.7556725091249152	0.8443108680864424	0.0713640776101867	0.07841168130186871
2.045	3.71506238318248	0.8364096593584847	0.07075566783497589	0.07476468945271719
2.055	3.6742945176797317	0.8243812464025954	0.06997375688346796	0.06894186992606643
2.065	3.6333815754058945	0.8228441735126367	0.07225029914496783	0.06898806331366636
2.075	3.592336257835316	0.8100374130082152	0.06779139987103555	0.05927284994851556
2.085	3.551171300710968	0.7909057610800063	0.06836040993020376	0.04940643022009672
2.095	3.5098994696180688	0.7810750353199728	0.06803482485148749	0.04531991240783695
2.105	3.46853355554951	0.7804929098424991	0.07180059034583852	0.04165402640543636
2.115	3.427086370464752	0.7720030349013657	0.07738152678081	0.04643875588080615
2.125	3.3855707428438064	0.7529367903301764	0.06923589550239573	0.034258289987973756
2.135	3.343999513237974	0.7453495369159123	0.07116040127884826	0.031541446535510165
2.145	3.3023855298190083	0.7349759300926169	0.06572337451738441	0.030248189717403395
2.155	3.2607416439283714	0.726551462508503	0.07439569755679543	0.02837582452226406
2.165	3.219080705628157	0.7197490973784731	0.07253070371363712	0.022692896878641733
2.175	3.1774155592554654	0.7209525927476322	0.08025073955233797	0.026921260283743642
2.185	3.1357590389817576	0.710546282245827	0.07980875519060504	0.0298395501206552
2.195	3.0941239643788974	0.6962743969441683	0.0821139937167219	0.02723865269697856
2.205	3.0525231359935283	0.6831144367118414	0.08029732966091885	0.028879892460379697
2.215	3.0109693309314323	0.6818716969284705	0.08712531885290886	0.03569539079714734
2.225	2.969475298453422	0.6713541939197321	0.08249804162446583	0.0373437497890885
2.235	2.928053755584535	0.6681557741614776	0.09168322128350326	0.043244315041155224
2.245	2.8867173827380403	0.6594631364135838	0.09019773434281753	0.04536008854190943
2.255	2.8454788193559244	0.6489325519334415	0.0888347605061659	0.047140295540214705
2.265	2.8043506595674614	0.6509667207367484	0.09220439685493087	0.054629008987129746
2.275	2.763345447867472	0.6380880121396054	0.0908713183995209	0.06125496614539028
2.285	2.722475674815828	0.6361323321647219	0.09487023352775648	0.0689214783016503
2.295	2.6817537727598593	0.6231816754748574	0.09754597521063335	0.06987248961055248
2.305	2.64119211158117	0.6228546386897599	0.09753825991643872	0.07745941239013043
2.315	2.600802994468447	0.6170399246507247	0.10462754841861965	0.0844234724841273
2.325	2.5605986537178294	0.6036510386688295	0.0974460048227006	0.08290072694421413
2.335	2.520591246562385	0.6001125006540736	0.10613339028641366	0.09274605848219664
2.345	2.480792851032161	0.590026686201664	0.1008559445698376	0.09120768421907655
2.355	2.4412154618464204	0.5807257600334885	0.10674766178401507	0.09920257169122748
2.365	2.4018709863394805	0.571856522421642	0.10378712793981038	0.09003317371324582
2.375	2.362771240421686	0.5757744231071111	0.1064079439571981	0.09768704837907238
2.385	2.3239279445769836	0.5660483491183088	0.1068765184219882	0.09679722472217067
2.395	2.2853527198985724	0.5569959709068076	0.10838343419774521	0.09963800211411633
2.405	2.2470570841639987	0.5556093349379938	0.10838813435857952	0.10621631870978332
2.415	2.209052447951222	0.5468120454188687	0.11245300150528159	0.10316009587319064
2.425	2.171350110797018	0.5438425514101826	0.10971589624417488	0.10090263292849344
2.435	2.1339612573990565	0.5390285699335461	0.11648422758980814	0.11142756557777345
2.445	2.09689695386314	0.5265750091570299	0.11347759364716792	0.10876807008506506
2.455	2.0601681439968447	0.522356234629271	0.1107565394827259	0.10889527368522489
2.465	2.023785645650983	0.5162341060122443	0.11168583634825024	0.10766518173935369
2.475	1.9877601471101451	0.5091701114541364	0.11003967157788397	0.10802039678802422
2.485	1.9521022035336861	0.5099942441525823	0.11284180471629002	0.10782448465751804
2.495	1.916822233448321	0.5025508869237612	0.11256338425520607	0.11096331491413203
2.505	1.8819305152937167	0.497422950133431	0.10736705916696065	0.10389230459815102
2.515	1.8474371840222261	0.490777562660248	0.10981977630459383	0.10578423086089406
2.525	1.8133522277539813	0.4845573230076919	0.10878715416555629	0.10271413077165836
2.535	1.7796854844885666	0.47682617340798494	0.10571323617169659	0.10049920871241458
2.545	1.746446638874448	0.47307179111506464	0.10860357726244896	0.09930447586960822
2.555	1.7136452190372156	0.47313719847208413	0.10945149152112066	0.09722589619046507
2.565	1.681290593467869	0.46655067762021873	0.10497869667391369	0.09424359490764322
2.575	1.649391967972189	0.4634569096331955	0.10937878832269154	0.09982193850741727
2.585	1.617958382682223	0.4585251949139239	0.10543768107717577	0.09176085918697252
2.595	1.5869987091310112	0.45277588823190834	0.10661830385791005	0.095828747639082
2.605	1.556521647391536	0.44785071424833867	0.10201961453609032	0.08663233402818626
2.615	1.5265357232808545	0.4438870284129559	0.09764427795053576	0.08117649271350125
2.625	1.4970492856304436	0.4451820940819423	0.10305864088653394	0.08038741952463391
2.635	1.4680705036236679	0.44047930511223904	0.10356671018286034	0.0809060546687197
2.645	1.4396073642012621	0.4343506357595102	0.0998359709990031	0.07480690163890769
2.655	1.41166766953577	0.42733896708701796	0.0993129076633057	0.07279677792987438
2.665	1.3842590345757704	0.4253375019622207	0.09811687524414925	0.06622445461827176
2.675	1.3573888846606839	0.4242255768928889	0.09680342645774598	0.06135440680380633
2.685	1.3310644532070541	0.41644864214326827	0.09780278340615922	0.06000320801250658
2.695	1.3052927794669977	0.4153497985453404	0.09463128940388588	0.0524504252679161
2.705	1.2800807063596094	0.4162982052221234	0.09772650138982408	0.05488388371606123
2.715	1.2554348783760405	0.4121186751085762	0.09578236594436529	0.05087424247561301
2.725	1.2313617395589063	0.40897258123593744	0.0950629666445808	0.044670313509769466
2.735	1.2078675315567622	0.4049892731934488	0.09551213705399064	0.04579273188188426
2.745	1.1849582917541552	0.40166003872115535	0.09244474077273468	0.038491343939256906
2.755	1.1626398514779934	0.39980246978180106	0.0935131046004738	0.03833065687139725
2.765	1.1409178342806712	0.39956046256082883	0.0935251860838795	0.038235309904623316
2.775	1.1197976543006019	0.39636858353827636	0.0942169822956731	0.03686533077780818
2.785	1.0992845147005879	0.39842891528439117	0.0965849335290061	0.03815136019462284
2.795	1.0793834061845589	0.395204332583329	0.09185238016732189	0.034223266271305786
2.805	1.06009910559309	0.3885981895243577	0.09112487092425692	0.028838794556503844
2.815	1.0414361745781626	0.39343179320810007	0.09838897361238663	0.03271174161658319
2.825	1.0233989583574972	0.3891803150018314	0.09328501197587435	0.03219726598091288
2.835	1.0059915845488732	0.385981895243577	0.09593599666866126	0.0328783241428221
2.845	0.9892179620847354	0.39016142535712417	0.09996662680304302	0.03445481170214437
2.855	0.9730817802073548	0.3905996546491549	0.09914289068054982	0.030669084484191922
2.865	0.957586507544868	0.39378499293600544	0.10050185324957628	0.033527597629363415
2.875	0.9427353912683722	0.3930851342158966	0.10083147825334882	0.03511668129085188
2.885	0.9285314563303011	0.3946091256344514	0.10266299428919101	0.03812604476838799
2.895	0.9149775047842525	0.3977094343571765	0.10595784005550168	0.037292488274217606
2.905	0.9020761151863925	0.39583224321071636	0.10597058948215032	0.03906613854477192
2.915	0.8898296420785599	0.3956883470252734	0.10692423520061523	0.04001282996572453
2.925	0.8782402155531241	0.39797760452095654	0.10875732237090219	0.0387527824180498
2.935	0.8673097408996613	0.4007116320443723	0.10955386137012457	0.03871342418610424
2.945	0.8570398983334533	0.40301397101145936	0.11578184665560665	0.04520311515291753
2.955	0.8474321428057827	0.4016404165140495	0.11081511140644063	0.04376799722136826
2.965	0.8384877038959822	0.4040801109308775	0.11960533455151623	0.050276271929429184
2.975	0.8302075857851605	0.40701690126105383	0.12056128002513278	0.046083882334963855
2.985	0.8225925673114864	0.4067421903615719	0.12053203741776697	0.04626909986633465
2.995	0.8156432021068767	0.41196823818743133	0.12067861283808234	0.04593805877882251
3.005	0.8093598188149476	0.4103592172047512	0.12365436297268007	0.04599320564206044
3.015	0.8037425213899785	0.41655983465020147	0.12690173856160358	0.050134265957052726
3.025	0.7987911894766979	0.4182931296112187	0.12724088716883974	0.05362419267073948
3.035	0.7945054788705863	0.4143425252472398	0.1256514277158005	0.04387659544324918
3.045	0.7908848220584352	0.4249058134058919	0.1349242306926719	0.057977981866321304
3.055	0.7879284288388018	0.42088980168489354	0.1314207170615429	0.04915779483443061
3.065	0.7856352870220253	0.42301554078802783	0.13368163514106213	0.05572357223679836
3.075	0.7840041632094241	0.4246703469206216	0.13333032342299012	0.056197878810132496
3.085	0.7830336036512242	0.42695960441630476	0.13647155773366793	0.05145815986901936
3.095	0.7827219351828143	0.4308448014232641	0.13446599393321623	0.049077858831013454
3.105	0.7830672662388256	0.43197634869970175	0.13790773777582954	0.05366183470395658
3.115	0.7840674879445482	0.4379611218669876	0.14314808521281686	0.054507061709270666
3.125	0.7857202752841381	0.43936083930720526	0.14606661763423956	0.052591256376770534
3.135	0.788023088345077	0.44042043849092144	0.14504692888111181	0.05399884743850114
3.145	0.790973173638267	0.4462809376798702	0.14383282443932854	0.0519007485514702
3.155	0.7945675654931628	0.44533253100308723	0.14310535877749597	0.04619038151664712
3.165	0.7988030875273155	0.4463398043011878	0.14541680960272751	0.04560064062287972
3.175	0.8036763541896028	0.4553463973627754	0.15115542558468853	0.05182566906912478
3.185	0.8091837723765027	0.4539859243367694	0.1493735523458568	0.04831610462773228
3.195	0.8153215431206671	0.45468578305687823	0.14914857911331536	0.04382293431457729
3.205	0.822085663351031	0.4596829051331694	0.14962725578991565	0.047176058203694415
3.215	0.8294719277236924	0.46728978075453925	0.1576603057049102	0.053335049064748175
3.225	0.8374759305227801	0.4675710323897232	0.15584155233821617	0.048619855413613244
3.235	0.846093067630437	0.4746611898906389	0.15922660025226953	0.048779291900747035
3.245	0.855318538565109	0.47409868662027105	0.15673543763292885	0.04601774785457913
3.255	0.8651473485872483	0.47978912668096907	0.1633371632139906	0.047072634904708366
3.265	0.8755743108715217	0.4848712783213856	0.16178838639347948	0.046510952811797734
3.275	0.8865940487446009	0.4859570404479096	0.16410352029531383	0.04605236761382203
3.285	0.898200997987622	0.48792580189419704	0.16368845205523108	0.04597861631520339
3.295	0.9103894092022773	0.4924323687928418	0.16763522718397939	0.04827491543642615
3.305	0.9231533502396285	0.4973248390979017	0.16972019431968954	0.04475545170568895
3.315	0.9364867086905422	0.5028255978232432	0.1692353980414727	0.05099577306692149
3.325	0.9503831944367822	0.5049055517764638	0.1684140262053302	0.04755457100058935
3.335	0.9648363422616595	0.5106613991941814	0.1723120465589023	0.05258759963158277
3.345	0.9798395145191905	0.5209695986604573	0.17841206900884599	0.05538385138706059
3.355	0.9953859038606336	0.5140233373449845	0.17591786284427924	0.05535040413409442
3.365	1.0114685360173032	0.520060436397886	0.17192078636404506	0.0531696780758073
3.375	1.0280802726385545	0.5268170163780022	0.18003712013822692	0.056884190428428516
3.385	1.0452138141837208	0.5261629428078071	0.17971427497184722	0.058329031749187576
3.395	1.062861702866881	0.5330699597090681	0.1821772062874536	0.05661266171100565
3.405	1.0810163256532426	0.5381782742922924	0.18313257868775779	0.05748133415217249
3.415	1.0996699173059556	0.5368308827376903	0.18260605042718447	0.0639976842495471
3.425	1.118814563482077	0.5457720684422583	0.18626055310280565	0.06240515925788248
3.435	1.1384422038765318	0.5497880801632568	0.1887894971143429	0.06647677217015602
3.445	1.1585446354127276	0.5551580241745592	0.19040903976161783	0.06569613557503962
3.455	1.1791135154785948	0.5648644759562556	0.18937540607338432	0.06533495828350522
3.465	1.200140365206766	0.5640403432578096	0.192368364766907	0.07040371851196547
3.475	1.2216165727975905	0.568730050756109	0.19290074872370777	0.06976838341756952
3.485	1.2435333968836444	0.5684226361781173	0.19279747834706118	0.07465570278160527
3.495	1.265881969934451	0.5714248338653132	0.1907880891651108	0.07021613950454308
3.505	1.2886533017000295	0.5789859243367694	0.1962228636063874	0.0778863864680337
3.515	1.3118382826919823	0.5846829051331693	0.19459937590398635	0.07932338991056498
3.525	1.335427687700652	0.576598555805557	0.1918457319540634	0.07969379440355606
3.535	1.3594121793471032	0.5858079116739051	0.1959385113566805	0.0788028382142969
3.545	1.383782311668437	0.587586991784836	0.20072042290558434	0.08683823008555391
3.555	1.4085285337351088	0.585552822981529	0.19589874323098755	0.08742078449484736
3.565	1.433641193298831	0.5855855266600387	0.19814429525331656	0.0907245431613719
3.575	1.4591105404696196	0.5851865417822196	0.19661193769355823	0.09259073494167813
3.585	1.4849267314206136	0.587174925435613	0.1960359070140023	0.09918371375271162
3.595	1.5110798321192183	0.592054314269269	0.19475287153972376	0.09637168277011021
3.605	1.5375598220830986	0.5880383025482706	0.19115124687306606	0.09760460651211944
3.615	1.5643565981596874	0.5875412066349223	0.19046294592488167	0.09557045840294576
3.625	1.5914599783276382	0.5843427868766679	0.19026871058731976	0.1033939999513862
3.635	1.6188597055188505	0.5881887394694155	0.1931962903356883	0.11569420970553468
3.645	1.6465454514596005	0.5760295117994872	0.183648015573028	0.112112113976498
3.655	1.6745068205293094	0.5813798336036837	0.18535657256705473	0.11105504605253591
3.665	1.7027333536354663	0.5739495578462666	0.1836190917679179	0.1093984837472941
3.675	1.731214532103281	0.5698027314112292	0.18252079090457007	0.10826091261704152
3.685	1.7599397815785824	0.566166082360944	0.17649182274491348	0.10664481379408786
3.695	1.7888984759424633	0.5643477578358014	0.17101148130545019	0.09881528460656597
3.705	1.8180799412362507	0.5498992726701899	0.16880023082663964	0.09554482974842116
3.715	1.8474734595953088	0.5470736748469468	0.16342851077166598	0.09362920031605548
3.725	1.8770682731901758	0.5412197163936999	0.15773208980607922	0.09305489202267658
3.735	1.906853588173613	0.5310815760556747	0.1551644137761774	0.08157219192618714
3.745	1.9368185786320786	0.5201193030192036	0.14648499234268142	0.07816044974535385
3.755	1.9669523905401223	0.5058866621317566	0.13679309276186835	0.0717562850018687
3.765	1.9972441457162957	0.4897637486264455	0.13169947461128917	0.07196040750500488
3.775	2.027682945779087	0.4807179111506462	0.12306474154291269	0.06399864323901516
3.785	2.0582578761013934	0.46337188006907015	0.11504943160578973	0.0613854808193075
3.795	2.088958009762128	0.445908115744859	0.1033428924857116	0.05471982115961138
3.805	2.119772411493492	0.42578227198995344	0.09372492965798296	0.042184822653063
3.815	2.150690141622425	0.4043940662445712	0.08197813289319589	0.03665982412497648
3.825	2.181700260004863	0.3803699440113024	0.07131822730532544	0.026676219077009344
3.835	2.212791829951331	0.3539453717754173	0.05102291483727894	0.016519212339198175
3.845	2.2439539221424214	0.3282926063523625	0.04022935397250338	0.011723511251137353
3.855	2.275175618532794	0.32042410130291454	0.03497910152546613	0.007462377383041119
3.865	2.3064460162422527	0.3269517555334624	0.031412205071447374	0.0070514162841609496
3.875	2.337754231432459	0.3295157239286275	0.031148795745965963	0.003585063873212113
3.885	2.3690894031679903	0.3421066401548846	0.03350616631854075	0.006433202235418989
3.895	2.400440697260236	0.3454751190413898	0.033576476818753864	0.009224923402426755
3.905	2.4317973100928256	0.35350714248338655	0.03152458513380818	0.0054770917208259995
3.915	2.4631484724272177	0.3681191460415468	0.033360330589002896	0.008011879129844246
3.925	2.4944834531870854	0.3769491392391816	0.03488333140832678	0.011003381746456209
3.935	2.5257915632201255	0.3767529171681231	0.03405980212192583	0.009023956742233885
3.945	2.5570621590360134	0.3935429857150332	0.034014274851238646	0.011952474617380027
3.955	2.5882846465191514	0.3997893883103972	0.03520946282979187	0.017087380603782787
3.965	2.6194484846148858	0.4077298414525666	0.0333113420016069	0.012686167662558923
3.975	2.6505431889879425	0.41994793574381245	0.03248059632879574	0.015017603424911874
3.985	2.6815583356517716	0.4255206425618754	0.03234965062549522	0.013445873618078474
3.995	2.7124835645675214	0.43567840510700645	0.037477310267936215	0.019612676018244457
4.005	2.743308583211425	0.4495382240594422	0.03475211552790958	0.016401974800460906
4.015	2.7740231701093454	0.45333185076657423	0.034934491387525135	0.019294199048800476
4.025	2.804617178337232	0.4631494950552038	0.03081939320113314	0.01890788693324974
4.035	2.8350805389863227	0.4771008843074669	0.036463006223989236	0.020987948587772642
4.045	2.8654032645918903	0.48406676783004554	0.034008431415255114	0.018308710953792717
4.055	2.8955754525243194	0.49332844958400923	0.03215377695873167	0.01974212350512916
4.065	2.925587288341421	0.5083263565485846	0.03121855215831726	0.020614515232926678
4.075	2.9554290491008053	0.5130618491967976	0.029567933790709322	0.020018078397456618
4.085	2.985091106631179	0.5228664120140233	0.03200058831848818	0.020555043308206233
4.095	3.0145639307615113	0.5395060436397886	0.027476863904051463	0.015604046420683249
4.105	3.043838092506941	0.5441565067238763	0.02475339031082946	0.02159757646933924
4.115	3.0729042672103617	0.5591936581026634	0.029513717477265722	0.02446179270925719
4.125	3.1017532376386674	0.567650829365287	0.031262866087622854	0.025216379236401743
4.135	3.1303758970326037	0.5780375176599863	0.027699364246684954	0.02631238069112496
4.145	3.1587632521092184	0.5855593637172309	0.02257882009456047	0.02591445967538175
4.155	3.18690642601594	0.5981371984720841	0.01806889445660298	0.021235244536967235
4.165	3.2147966612352787	0.611303699440113	0.022413314722951938	0.02594781286184955
4.175	3.242425322439281	0.6228742608968657	0.024768590449600225	0.026162142709086567
4.185	3.2697838992927073	0.6345494741248495	0.017649070667690836	0.019925581551302196
4.195	3.296864009204127	0.6461134948459003	0.02025640285712349	0.030661201421290807
4.205	3.323657400023964	0.6530466746899691	0.018054837064205742	0.024331546128583126
4.215	3.350155952688703	0.6721717858824761	0.016874506355162744	0.025345596730573128
4.225	3.3763516838103795	0.6837619695463346	0.015752666641449586	0.023579804089482348
4.235	3.4022367482105347	0.6892758097430799	0.017537029375295	0.024266007547433244
4.245	3.4278034413978515	0.7049081680707446	0.012618289696298746	0.021206357958366118
4.255	3.4530442019887246	0.7191146460153838	0.017412130789383085	0.0276060485507994
4.265	3.477951614069961	0.7359243367693998	0.010435979627701819	0.02303406300516997
4.275	3.5025184095029473	0.7436947307833185	0.014548445768622464	0.025337455487266514
4.285	3.526737470168524	0.7518183245251426	0.010472132816158108	0.02421176651157597
4.295	3.5506018301519564	0.7637224635026948	0.00757940456222439	0.021440064499395728
4.305	3.574104677867287	0.7790604887237716	0.007743721641713108	0.023044315968173024
4.315	3.5972393581204654	0.7920438490921459	0.007320072716868076	0.024474819591819852
4.325	3.619999374110662	0.8014690492386584	0.010845760654446757	0.02377284725381168
4.335	3.6423783893691755	0.8252969494008686	0.008307065007822523	0.02633513519353281
4.345	3.6643702296353524	0.8348856679399299	0.002332921617561823	0.01501444376074934
4.355	3.68596888466904	0.8435128983308042	0.0012044956600485435	0.018620439725125504
4.365	3.7071685099990086	0.855351629951337	0.0033701374863053246	0.02068750785831197
4.375	3.727963428606908	0.8600086337711266	0.00024417050915559457	0.017180102653720386
4.385	3.7483481325462678	0.8827834754853225	-0.0012521819476409846	0.021411699033317078
4.395	3.768317284496124	0.8922806237245565	-0.005633592626712591	0.011681098686679992
4.405	3.787865719248865	0.8989914185547591	-0.0026991249285197583	0.015454823815904462
4.415	3.8069884451319043	0.9161870127151902	-0.006003621679385951	0.01359619477366003
4.425	3.825680645362848	0.9376275443461881	-0.004449196244306286	0.013040716665333907
4.435	3.843937679337784	0.958093506357595	-0.00024626429581786624	0.02021814997434568
4.445	3.861755083852433	0.9586233059494532	-0.005050101660713402	0.012428800196226053
4.455	3.879128574255838	0.9779380984773167	0.00023471959783627483	0.012705116764439417
4.465	3.896054045536376	0.9863560253257286	-0.0006375379787399993	0.012690996355728679
4.475	3.912527573339828	1.0087449636335095	-0.004203064599372475	0.008224463064653964
4.485	3.9285454149193244	1.0225459159646277	-0.004973706488041962	0.003824727396725791
4.495	3.9441040100169666	1.0333054261943384	-0.0031775678305479005	0.006268104885450931
4.505	3.959199981677007	1.0501543613625661	-0.0034247307844692543	0.003792595623173689
4.515	3.9738301369904074	1.0592067395740672	-0.0005689758470230899	0.00034352981094665225
4.525	3.9879914677707142	1.0809023598974412	-0.0004726107619967834	-0.0028974472962604025
4.535	4.001681151161149	1.090294856365444	-0.0008930661292563258	-0.005856660588480445
4.545	4.01489655017288	1.108321123960023	-0.008528340162953008	-0.01776533674238312
4.555	4.027635214154425	1.1185900790120873	-0.00034693493023940647	-0.009020456356856776
4.565	4.039894879192199	1.1387290042383966	0.0038679039311615426	-0.014035285030969291
4.575	4.051673468442222	1.1549107843650255	0.0036319496081755887	-0.015025675265951222
4.585	4.062969092393029	1.1707197425566427	0.00924063504420225	-0.013491325999378745
4.595	4.073780049059877	1.181806289571451	0.008421653979408639	-0.0145665336836176
4.605	4.084104824110309	1.1976871958557898	0.017896565062297753	-0.015166876995817091
4.615	4.09394209092122	1.2121487624928051	0.022481626324400317	-0.012649640035721887
4.625	4.103290710567579	1.2281408612840772	0.019567606005253424	-0.01215011163120261
4.635	4.1121497317429405	1.2433546125268171	0.020655421077771408	-0.01700810186242041
4.645	4.1205183906119816	1.256383758045105	0.024596046266172067	-0.012163680357640594
4.655	4.128396110595255	1.2761040761864895	0.03190027175601884	-0.016105466700747417
4.665	4.1357825020864	1.2873279786510388	0.03605706002483622	-0.015402632739913713
4.675	4.1426773621020985	1.309370257966616	0.04439848260589052	-0.014102288205915858
4.685	4.149080673865036	1.3279001622102453	0.0503921169684336	-0.002618560462083863
4.695	4.154992606320209	1.3394380199884883	0.050894284814869906	-0.016768373353372557
4.705	4.160413513584878	1.3608262257338706	0.05523042802934519	-0.011361108067921233
4.715	4.165343934332566	1.3795065668986448	0.06696462152611105	-0.01402706340559412
4.725	4.169784591111452	1.3919012610538433	0.06693522697952048	-0.008730271977388071
4.735	4.173736389597568	1.4034979854534038	0.0759153154192127	-0.0056400850059419305
4.745	4.177200417783246	1.4312961121866987	0.08086183804616454	-0.005651225471844157
4.755	4.180177945101221	1.4401653497985454	0.08981368579335403	0.0028706396716442484
4.765	4.182670421484919	1.4675121657684056	0.10302123731243462	0.002178937231586353
4.775	4.18467947636535	1.4801161634660667	0.10168915667259171	0.004784035080496629
4.785	4.186206917605188	1.498116268117838	0.11162979202307355	0.01334992825835224
4.795	4.18725473037051	1.513957929987965	0.11860757089736573	0.008527369559665932
4.805	4.187825075940799	1.5406114279734184	0.13076768441669984	0.016314899196940402
4.815	4.187920290457752	1.5530453665428288	0.1433081550597084	0.03097492427336679
4.825	4.187542883613491	1.5843820312908796	0.14646122765280367	0.030262400780810772
4.835	4.186695537278824	1.581484485374915	0.1465045859120373	0.026714000162892937
4.845	4.185381104072134	1.6166213175657997	0.15998774766806712	0.030001838973994666
4.855	2.042346319785863	0.19367772487049342	0.021233899578295246	0.00645280706094159
4.865	2.0489252169304684	0.19592773795196483	0.02384676312666434	0.006634821244670852
4.875	2.0550465943565204	0.19949243890952853	0.02351094460131109	0.006912481988660013
4.885	2.060713972198271	0.20297865103866883	0.02555881153056694	0.007235586900810054
4.895	2.0659310333155165	0.209735231018785	0.025407655377481797	0.008490782629497207
4.905	2.0707016215208665	0.21429412380304536	0.027848156188715167	0.010501696946236705
4.915	2.0750297397526016	0.216786144105489	0.030632078853332745	0.012885174992768422
4.925	2.0789195481939755	0.21856522421641986	0.030809312468063288	0.013339854185463351
4.935	2.0823753623396923	0.22751295065668986	0.029966821210334338	0.011475372016005236
4.945	2.0854016510104145	0.22741483962116057	0.03220405452642461	0.013298175865733453
4.955	2.088003034316122	0.23586547014808226	0.03461078521308614	0.016954095322855856
4.965	2.0901842815691656	0.2409541625242007	0.03702218572184912	0.01852090605476797
4.975	2.0919503091478693	0.2385864162000942	0.037180339864054	0.015666489864162303
4.985	2.093306178311561	0.2517856208466328	0.03952537468216555	0.018548339329537034
4.995	2.094257092967948	0.25151090994715086	0.04357101041711564	0.026098425261305902
5.005	2.094808397393702	0.25894118570456803	0.044471277046402635	0.023196094782287457
5.015	2.094965573909196	0.2651287216786144	0.04587464144389197	0.02508817530813312
5.025	2.0947342405083336	0.26737219402438384	0.04401715027823516	0.02678488645302679
5.035	2.0941201484443877	0.27360551514834386	0.048476641648579344	0.030409915784603614
5.045	2.093129179772839	0.27918476270210874	0.05095848171995021	0.030763915995832614
5.055	2.091767344852183	0.2825139971744022	0.052573834675373465	0.031825442078797894
5.065	2.090040779803658	0.2895583695254042	0.05370726610791188	0.035340622136319055
5.075	2.08795574393092	0.2913243681649312	0.052759969458423095	0.033951847153388504
5.085	2.0855186171006643	0.29778007430275755	0.05561542461671087	0.03831149512116705
5.095	2.0827358970852208	0.3016391083669091	0.05931433490139382	0.04231701871291582
5.105	2.0796141968681203	0.3042815655904976	0.0594274305875262	0.04179433834959789
5.115	2.076160241913698	0.3158128826330386	0.06557776185085684	0.040854057854564085
5.125	2.072380867401783	0.31668280048139813	0.05983275682685596	0.04468035202547238
5.135	2.0682830154285057	0.3233805138401967	0.06584838731718445	0.04466802447559182
5.145	2.0638737321743394	0.3254866307362252	0.06522228499906646	0.04512957503867465
5.155	2.0591601650403772	0.3343035424624562	0.07043473703080805	0.05026747225785155
5.165	2.054149559753996	0.34089660405002353	0.07137856682855359	0.04923651554136366
5.175	2.04884925744497	0.3423551881115588	0.0724864425840619	0.05344800011398154
5.185	2.043266691693133	0.34808487258646853	0.07339629927487623	0.052871144097350276
5.195	2.0374093855486697	0.35246062477107426	0.0702380574607675	0.04849968499012902
5.205	2.031284948526232	0.3623109727382136	0.07662291975256741	0.056793616288107196
5.215	2.024901073573879	0.36522160012558214	0.07326293221592906	0.05131476834500681
5.225	2.0182655340180458	0.3692899377321961	0.07459955722364597	0.053845175198022566
5.235	2.011386180485688	0.37269766103291296	0.08118301165345354	0.06042742319518768
5.245	2.0042709378046317	0.3828750457851499	0.08045926879572418	0.059257240567127556
5.255	1.99692780188338	0.3863743393856941	0.08427265808799067	0.061659266140173474
5.265	1.9893648365714671	0.38963816650096805	0.08273121708195363	0.059743383204672984
5.275	1.9815901705014896	0.399946365967244	0.08644387100068451	0.06834126752778213
5.285	1.9736119939140115	0.39842891528439117	0.08755871826031258	0.06450398433778637
5.295	1.9654385554664504	0.4049500287792371	0.08646772840774108	0.0672625263326645
5.305	1.9570781590271435	0.4118178012662864	0.08931799195931234	0.06635376666279713
5.315	1.948539160455689	0.41618047197948826	0.08838407656038383	0.07045359358192815
5.325	1.939829964370817	0.41742321176285907	0.09370877430262015	0.06917809838471434
5.335	1.930959020906835	0.42486002825597824	0.09531847261731041	0.078777867553814
5.345	1.9219348224598973	0.42908534351943906	0.09417044347578996	0.0743365321120546
5.355	1.9127659004252373	0.4348346502014547	0.09523983377652634	0.07942567364267705
5.365	1.9034608219264868	0.4413557636963006	0.0951168728078442	0.07813550023804683
5.375	1.8940281865383093	0.4447504055256135	0.09907142776198352	0.07790333492610335
5.385	1.8844766230034449	0.45059128250745645	0.09975158072069013	0.08821783197201327
5.395	1.8748147859453592	0.4585578985924337	0.09803564793912622	0.08450132969484492
5.405	1.8650513525776757	0.46108262257338706	0.10376498134618206	0.0871013391565798
5.415	1.8551950194114943	0.46561535241483964	0.10230161549638295	0.08772768408915521
5.425	1.845254498961777	0.47076291141227566	0.10178389353419837	0.08633670283617412
5.435	1.8352385164539755	0.47344461305007585	0.10246460439685157	0.08845992055517216
5.445	1.8251558065320195	0.4819998953482288	0.10631302746151228	0.09384740937041469
5.455	1.8150151099688048	0.48349118308827377	0.10404142253567183	0.09187858584172703
5.465	1.8048251703803668	0.48404714562293966	0.1041945102798234	0.092354659406225
5.475	1.7945947309448214	0.4888545863638742	0.11025607015182626	0.09746587209862279
5.485	1.7843325311272418	0.49385170844016535	0.10841932638993601	0.09725429503017646
5.495	1.77404730341161	0.5044869446915389	0.1106745708056236	0.10105160998273877
5.505	1.7637477700409339	0.5067304170373084	0.11339559463133275	0.10418074224635987
5.515	1.7534426397666425	0.511256606143059	0.11489214982492468	0.10451654108636066
5.525	1.7431406046084323	0.5144027000156978	0.11481357936907166	0.10480110424193811
5.535	1.7328503366255974	0.5201912511119251	0.11226451399708015	0.0928746923348096
5.545	1.7225804847010004	0.5211985244100257	0.11692408893931194	0.1012653815598219
5.555	1.7123396713387096	0.5232457746847365	0.10956644246035907	0.08950367654356794
5.565	1.7021364894765008	0.5241745591544137	0.11131824767432175	0.08271951795829957
5.575	1.691979499314154	0.531997279053948	0.10939170965627465	0.081794194570034
5.585	1.6818772251587244	0.5270394013918686	0.10765578289535016	0.07661310554309786
5.595	1.6718381522878512	0.5335801370938204	0.11191113006434916	0.07398380174893116
5.605	1.6618707238320498	0.5370271048087489	0.10949964407442359	0.06868497383437733
5.615	1.651983337677164	0.5402386060384072	0.11030823229145303	0.06636769845465529
5.625	1.6421843433879286	0.5498338653131705	0.11253266296533049	0.06615592996547437
5.635	1.632482039153709	0.5472698969180053	0.11164490280726858	0.06391876084432146
5.645	1.622884668757369	0.5530322850714249	0.11222326165384278	0.0628781997298904
5.655	1.6134004185684194	0.5624051593323217	0.11180025033350827	0.05608439488696293
5.665	1.6040374145612541	0.5584610957040448	0.11275816929812121	0.049093201111682916
5.675	1.5948037193595588	0.5677554811365182	0.11065050582578184	0.04481723853225428
5.685	1.585707329307943	0.5741196169745173	0.1157593080011563	0.048713186575766176
5.695	1.5767561715715732	0.5771937627544346	0.12031092757527428	0.05049799094702645
5.705	1.5679581012648935	0.5845390089477265	0.11994211690788781	0.03973714218652247
5.715	1.5593208986103624	0.5880971691695882	0.12486855839301336	0.047625465565894975
5.725	1.5508522661280972	0.5988763016064047	0.1277530151301094	0.041731125463995156
5.735	1.5425598258573028	0.6001125006540736	0.12865314330823363	0.04191146060662754
5.745	1.5344511166105372	0.6027745800847679	0.128382891541027	0.04017392383211038
5.755	1.5265335912615252	0.6128211501229658	0.13078384237829432	0.040832398652441704
5.765	1.5188146140674725	0.616725969337031	0.13338551246509223	0.03302500741117931
5.775	1.5113014580268358	0.6259745696195909	0.1410873491456366	0.03680103663613932
5.785	1.5040013022732113	0.6343140076395793	0.1387070392810088	0.03175020875517265
5.795	1.4969212295063254	0.6432617340798493	0.14383623971916215	0.03411104184917524
5.805	1.4900682234609057	0.6488082779551044	0.1512869592474564	0.035687472499630335
5.815	1.4834491664142355	0.6593977290565642	0.1521605050299888	0.035024351858748304
5.825	1.4770708367331782	0.6629885929569358	0.15593785670813087	0.03780504779193494
5.835	1.4709399064614437	0.6761616346606666	0.163954661932868	0.040427334413881466
5.845	1.4650629389479382	0.6808120977447544	0.16842599761179233	0.03933070696162155
5.855	1.4594463865168217	0.689537439171158	0.168343787660568	0.030465581353491977
5.865	1.454096588180116	0.6749058134058918	0.15836881103906997	0.02515580157748265
5.875	1.4490197673935228	0.6713411124483282	0.16614798679324316	0.0252705849756103
5.885	1.4442220298561543	0.6604507875045785	0.15858768201179174	0.016820063564338517
5.895	1.43970936135492	0.6487624928051907	0.1526327474020155	0.011552503914714629
5.905	1.4354876256541722	0.6501164250954947	0.14851184480809554	-4.324410138800694e-5
5.915	1.4315625624312984	0.6393438333943802	0.14813552207443959	0.00032692805405121206
5.925	1.4279397852589235	0.6389906336664748	0.1471280267708801	-0.004269473194457252
5.935	1.4246247796342741	0.6346410444246768	0.14777367352240578	-0.012687218969201552
5.945	1.4216229010563883	0.6271453613102401	0.14407635339526692	-0.017399679121332223
5.955	1.418939373151725	0.6197674114384386	0.14198376776215849	-0.01919773004561498
5.965	1.4165792858487407	0.6234171419601277	0.13788066004297495	-0.025215703079163987
5.975	1.414547593601973	0.6133247867720161	0.1350529579850388	-0.022917419206927025
5.985	1.412849113666255	0.6108458479409764	0.13799170278311257	-0.02568783395219887
5.995	1.411488524421463	0.6113233216472189	0.1385466330641809	-0.02724627017276049
6.005	1.4104703637483649	0.6055609334937994	0.13309542611965286	-0.029299477045352518
6.015	1.409799027456094	0.6017738475223693	0.13207886831978088	-0.03410538313267519
6.025	1.4094787677616192	0.6016103291298205	0.1313032038598534	-0.03525998830141264
6.035	1.4095136918217395	0.6011851813091936	0.13378781057412592	-0.03753855637149428
6.045	1.4099077603180268	0.5981110355292764	0.1303219531265314	-0.04357483894902314
6.055	1.410664786095099	0.5966001255821255	0.13202195809322603	-0.03557063679679762
6.065	1.4117884328526322	0.5968682957459055	0.13036719939559793	-0.03624916322750349
6.075	1.4132822138915395	0.5945659567788185	0.13500991684675911	-0.027341962351922433
6.085	1.4151494909146094	0.5986866202710481	0.13215856589915997	-0.017784397788608075
6.095	1.4173934728819682	0.5968552142745016	0.13212059284023736	-0.016684789450641002
6.105	1.4200172149217398	0.6003152634608341	0.13040194855820175	-0.019015156648833687
6.115	1.4230236172961361	0.6008319815812883	0.13267566349933446	-0.011537396006272349
6.125	1.4264154244233036	0.6000405525613521	0.13703771563112488	-0.007220133246498284
6.135	1.4301952239552254	0.6002563968395165	0.13326566367212989	0.005317759610037998
6.145	1.4343654459118593	0.6108981738265921	0.14133211362074283	0.013997217117944771
6.155	1.4389283618718038	0.6062084663282926	0.13716962134935917	0.013200131093613399
6.165	1.4438860842196948	0.6035594683690021	0.13749172272566534	0.021824029269960965
6.175	1.4492405654505145	0.6014271885301659	0.13730118563407157	0.021881263411982044
6.185	1.4549935975309878	0.5935063575951023	0.13684065682692914	0.029613431254863043
6.195	1.461146811318264	0.5918253885197007	0.1306914298102937	0.02632867491433899
6.205	1.4677016760359662	0.5914525665846895	0.13140813277897312	0.029186991936692053
6.215	1.4746594988077808	0.5834336246140966	0.13059470594994727	0.03803556417349019
6.225	1.4820214242486687	0.5881364135837999	0.129890414582563	0.03599947834655204
6.235	1.4897884341137768	0.5884569096331955	0.13086312653105336	0.046880839467597246
6.245	1.4979613470051254	0.5849445345612474	0.13107930670770518	0.046579423347202775
6.255	1.5065408181361337	0.5762584375490555	0.12374289354336687	0.04547336786858347
6.265	1.5155273391539787	0.5772199256972425	0.12382889082989124	0.04886728117259054
6.275	1.524921238019831	0.5746297943592695	0.12345880134531617	0.053859691586743974
6.285	1.5347226789469346	0.5737860394537178	0.12332273242022973	0.05959388642743946
6.295	1.5449316623965303	0.5713463450368897	0.12312049525181701	0.06306023366485491
6.305	1.555548025131556	0.5666370153314845	0.12171563749358061	0.06375925568690666
6.315	1.5665714403280695	0.562771440531631	0.12220630656425602	0.0662590103969114
6.325	1.5780014177443127	0.563039610695411	0.12104210304427365	0.0713494128553267
6.335	1.5898373039473261	0.5624771074250432	0.11531981698816818	0.07166201458907606
6.345	1.6020782825969806	0.5605018052430537	0.1169680520463281	0.0820542931036865
6.355	1.6147233747873004	0.5583041180471979	0.11962511636766626	0.08720538608345052
6.365	1.6277714394449219	0.5638899063366648	0.1239479354008779	0.0908848337529593
6.375	1.6412211737845182	0.5628891737742662	0.11576593614488662	0.08755942768294611
6.385	1.6550711138210015	0.5627910627387368	0.1188011392166155	0.09657704080482143
6.395	1.6693196349382875	0.5569109413426823	0.11336075949643698	0.09925554473996212
6.405	1.6839649525144058	0.5516914342525248	0.11428989696083436	0.1024868854651273
6.415	1.6990051226027034	0.5496768876563236	0.11280000771160648	0.10228627201955032
6.425	1.714438042668915	0.5526856260792213	0.1131221526691446	0.10505735320772791
6.435	1.7302614523837514	0.5501936057767778	0.11258170235029619	0.11282509697062504
6.445	1.7464729344707992	0.5528099000575585	0.11310781693868455	0.11789027148142361
6.455	1.7630699156093494	0.5505271832975773	0.1082690235750925	0.11660872656272758
6.465	1.780049667391859	0.5509981162681178	0.11336019220372373	0.12718714208329995
6.475	1.797409307335704	0.5499450578201036	0.10986980555209724	0.12566457150062305
6.485	1.8151457999488336	0.5523193448799121	0.11053227560222911	0.1335384856963142
6.495	1.8332559578489667	0.5479043482810947	0.10871444637670136	0.1295736066605213
6.505	1.8517364429359349	0.5437444403746533	0.1064065856850096	0.13431064948294646
6.515	1.8705837676167645	0.5426913819266391	0.10585298936355958	0.14178159049045314
6.525	1.8897942960830207	0.5467924232117629	0.10478470330951772	0.14279523379765457
6.535	2.1421572806249536	0.688713306472712	0.1382471644379173	0.1967503951636589
6.545	2.1429541695732057	0.6770380932447282	0.13522854388179972	0.19252831993402264
6.555	2.144102479137593	0.6603984616189629	0.1260952121505614	0.1821020471862569
6.565	2.1455979944516264	0.6531382449897964	0.12295182231649271	0.18625330685552854
6.575	2.147436359588558	0.6402202919784418	0.12145665429808261	0.1813379653768188
6.585	2.1496130791426147	0.6284862121291402	0.11716800389226201	0.18079970379499266
6.595	2.1521235198591184	0.6164250954947412	0.10744282755962686	0.16973052709833736
6.605	2.1549629123128993	0.5964693108680864	0.10940231606534034	0.17690895466865197
6.615	2.1581263526343957	0.590706922714667	0.10215894753847676	0.16751050160276781
6.625	2.1616088042829347	0.5746297943592695	0.10091942611639038	0.16354128857277295
6.635	2.165405099866566	0.5695345612474492	0.09624843956086115	0.16030383651517432
6.645	2.1695099430077707	0.5578201036052535	0.09544201650155504	0.15492061020756553
6.655	2.1739179102545387	0.5462233792056931	0.08889508174298744	0.14888055143453904
6.665	2.178623453036076	0.5349013657056145	0.08830329613775456	0.14223666804521695
6.675	2.183620899662504	0.5241287740045	0.08383901359037971	0.1325929738409679
6.685	2.1889044573679426	0.5178300455235205	0.07864280046829641	0.1273902529311428
6.695	2.1944682143962186	0.5086991784835958	0.07926303384768829	0.11844428360641923
6.705	2.200306142128532	0.49650724713515776	0.07146559657659157	0.10646973683473959
6.715	2.2064120972524037	0.48599628486212126	0.07070038564189352	0.10201180240274677
6.725	2.2127798239711387	0.4868923656532887	0.06783889250942021	0.09568480817957603
6.735	2.21940295625307	0.47324839097901733	0.061029647137032406	0.08609459214453463
6.745	2.226275020119911	0.463797027889697	0.060938797996012095	0.07836762274737663
6.755	2.2333894359733475	0.45696195908115744	0.05707025935149579	0.0769747305871955
6.765	2.240739520959172	0.45085945267123645	0.05767507538499972	0.07108935525089866
6.775	2.2483184913681895	0.4460977970802156	0.051863666869713665	0.0637212425860414
6.785	2.256119465073046	0.4358092198210455	0.04855255378187806	0.057473202809296575
6.795	2.264135464000191	0.4307924755376485	0.04142593367901792	0.04691700848296687
6.805	2.27235941663622	0.424487206320967	0.04076595890449797	0.0458518195507891
6.815	2.280784160567685	0.42446758411386115	0.04474017025820798	0.04970259244987485
6.825	2.289402445053567	0.4226296373816127	0.04456835025565287	0.043526148965582934
6.835	2.2982069336296114	0.4130605410496573	0.044069721254057725	0.04648295986493389
6.845	2.307190206743595	0.40636936842656063	0.0400062622325037	0.03971529821357911
6.855	2.3163447644206907	0.4092472921354194	0.041111517503738426	0.04149597976260644
6.865	2.325663028958072	0.40897258123593744	0.04097108238944003	0.042838907513222946
6.875	2.3351373476478723	0.4038381037099053	0.03689019087663592	0.036844364866375656
6.885	2.34475999552751	0.40926691434252527	0.04049924430083118	0.03928693152471041
6.895	2.3545231781566507	0.4036549631102506	0.040049493356207666	0.03987411011752351
6.905	2.36441903441973	0.40239260111977393	0.03757400042694581	0.036248873844612284
6.915	2.3744396393531977	0.4012152686934226	0.04103112934984798	0.038179816886099394
6.925	2.3845770069965653	0.4023206530270525	0.038842252306114045	0.03381813290342195
6.935	2.3948230932662677	0.39900450002616294	0.03854765168596863	0.033893661540271625
6.945	2.4051697988514285	0.402117890220292	0.040625444335199656	0.036460254318791074
6.955	2.415608972130584	0.3990502851760766	0.039726587512363576	0.032657116337316605
6.965	2.4261324121084282	0.3969245460729423	0.038597216709281845	0.03630796810139758
6.975	2.4367318713714887	0.3985466485270263	0.03853815842123787	0.0308491402560227
6.985	2.4473990590619863	0.39330097849406104	0.04050168467957649	0.03286597072527475
6.995	2.4581256438686894	0.39535476950447385	0.03910568065469455	0.029459538922101736
7.005	2.4689032570338707	0.39289545288054	0.03804405115624965	0.028980102101876737
7.015	2.4797234953754312	0.38988671445764217	0.04108384434951562	0.02578387309307284
7.025	2.4905779243230857	0.3868975982418502	0.037042576730643706	0.022255786992832927
7.035	2.5014580809676796	0.3834179268484119	0.037672902933078234	0.01742232816802458
7.045	2.512355477122628	0.3793822929203077	0.0344807886625671	0.01594566690006205
7.055	2.5232616023965004	0.3774723980953378	0.030926757455092435	0.012656100600266784
7.065	2.534167927275594	0.37363952697399405	0.03066078086090096	0.010048227864085879
7.075	2.54506590621573	0.3757456438700225	0.032487454431015195	0.010836815212266315
7.085	2.5559469807420094	0.3726518758829993	0.03472256256244721	0.010777044636958055
7.095	2.5668025825556287	0.3712259954999738	0.03119015353807386	0.0010458662689317721
7.105	2.5776241366467607	0.3672884726073989	0.026519531292898968	0.002089449657336817
7.115	2.58840306441238	0.36698105802940717	0.028110311463057425	-0.004332163007302103
7.125	2.5991307867780256	0.36264455025901315	0.027408090383465478	-0.0008729660396268324
7.135	2.609798727322561	0.35500497095913347	0.027862835733044378	0.0025626152370438193
7.145	2.6203983154047696	0.35325205379101043	0.029509514826125294	0.00015673022051743146
7.155	3.5840982712601748	0.9140024069907383	0.07049787244047057	-0.009117279629215158
7.165	3.613664034750131	0.9206935796138349	0.07251408118731373	-0.008726835287263146
7.175	3.6431357998063367	0.9320940819423369	0.07169021022182687	-0.007125518142392817
7.185	3.6725050501749132	0.944410287269112	0.07811937947215952	-0.008637973561671508
7.195	3.701763291007106	0.9529328658887551	0.07601365337148458	-0.008313701316778221
7.205	3.7309020519753946	0.9589241797917429	0.07722139910996084	-0.0131692421218772
7.215	3.7599128903843653	0.9679307728533305	0.07777975241597623	-0.006944213675632138
7.225	3.7887873942751162	0.9693958976505678	0.0695112454044784	-0.01509850659371681
7.235	3.817517185522229	0.9789715347182251	0.06638933905678623	-0.018955185298248356
7.245	3.8460939229222357	0.989966511433206	0.07024377721880004	-0.011664099709118858
7.255	3.8745093052726354	0.9991497043587463	0.06915070576280336	-0.015947631143041097
7.265	3.9027550744403134	1.0037020564073047	0.06867754695707529	-0.016895883085272345
7.275	3.930823018418393	1.020053895662184	0.07299429382363609	-0.013216539357879586
7.285	3.958704974370522	1.0262806760504422	0.06729953115495846	-0.01607613282862541
7.295	3.9863928316615	1.0209434357176495	0.06581288289828269	-0.011540426803549941
7.305	4.013878534873258	1.0340837737428705	0.06719530244468075	-0.008846879225920645
7.315	4.04115408680521	1.035535817068704	0.06408791217853871	-0.016679642802284622
7.325	4.068211551457894	1.0414028569933547	0.06315155086583069	-0.015759708809027106
7.335	4.095043056998919	1.0468578305687823	0.0682705616841437	-0.005902014449328696
7.345	4.121640798710256	1.0495591544136884	0.06685425233954678	-0.004463853549671715
7.355	4.147997041915804	1.0498338653131705	0.06890458227881524	0.0015450056287047431
7.365	4.174104124888252	1.064818690806342	0.06583755391608026	-0.005639755735977303
7.375	4.199954461734303	1.0654008162838156	0.05959939032639294	-0.00033214507238632507
7.385	4.225540545257189	1.0745120611166343	0.062011502359631265	0.0014042130794229557
7.395	4.250854949795537	1.0735701951755534	0.066258028060874	0.006155236153709165
7.405	4.275890334037652	1.074982994087175	0.0614907197559873	0.003231124230783866
7.415	4.300639443810174	1.0761472450421223	0.06353482583494241	0.008456779339556686
7.425	4.325095114840167	1.0751334310083198	0.05586348024021959	0.0023133494743272642
7.435	4.349250275489773	1.0812751818324524	0.055616975840774074	0.007626580927579951
7.445	4.373097949462343	1.0775207995395322	0.057408473333598664	0.014660093597828716
7.455	4.3966312584792036	1.0799081680707445	0.0648924544443501	0.024593306247310043
7.465	4.419843424926128	1.0815825964104442	0.059710094995612195	0.023336038288990224
7.475	4.44272777446853	1.0823936476374862	0.05885643315314404	0.029596865588635612
7.485	4.465277738634489	1.0818115221600126	0.05800443924191612	0.029685361879154826
7.495	4.487486857364778	1.079175605672126	0.06285879418315776	0.0401330920240226
7.505	4.5093487815288595	1.0814256187535973	0.05921871440046189	0.047477211801389085
7.515	4.530857275406056	1.0726806551200878	0.06148297412306114	0.044685025959276814
7.525	4.552006219131029	1.0676900737794988	0.0551272082799974	0.05338269095484316
7.535	4.572789611102629	1.0770564073046935	0.06152969280290854	0.05755494616240053
7.545	4.593201570355287	1.0764088744702005	0.06548098027949578	0.0665440094691987
7.555	4.613236338892179	1.0751661346868295	0.06801824685100577	0.07370616679816999
7.565	4.63288828397916	1.0729749882266757	0.07140436506485415	0.08389637999012489
7.575	4.6521519003988185	1.0682264141070588	0.07287885984502562	0.09132891892645967
7.585	4.671021812663734	1.0680890586573177	0.07866260074112308	0.10412363642533551
7.595	4.689492777188164	1.065629742033384	0.07136765011871837	0.10952432100116472
7.605	4.707559684417338	1.0552692166814923	0.07339966725236735	0.10677144682919826
7.615	4.725217560913678	1.049644183977814	0.0743043248745634	0.11794256908009393
7.625	4.742461571399048	1.0505468055046832	0.07319878113980582	0.12933718159519936
7.635	4.75928702075236	1.0355946836900214	0.07636600021462936	0.1295567465743419
7.645	4.775689355961824	1.029531421694312	0.07753843142465389	0.1381494602051916
7.655	4.791664168030993	1.0133692637747893	0.06749490517724688	0.13959942236867295
7.665	4.80720719383803	1.0008960807911673	0.07189636883184125	0.14586631067976485
7.675	4.822314317947425	0.995650410758202	0.07110624535965826	0.1475822673067273
7.685	4.836981574373456	0.9712861702684318	0.07233669899596062	0.16044615472331625
7.695	4.851205148294778	0.9611284077233008	0.07367782696274983	0.1552539219427409
7.705	4.864981377719457	0.9496755795091832	0.06755080098312849	0.14582747733193369
7.715	4.878306755099795	0.9360381455706138	0.06552586563845963	0.13952346434096086
7.725	4.891177928896331	0.9123018157082309	0.06373780105047722	0.13270900588439893
7.735	4.903591705090425	0.8983700486630736	0.06215200011590749	0.12514952814100422
7.745	4.915545048644759	0.8808932028674585	0.05886386412075861	0.10930170884809254
7.755	4.927035084911282	0.8568429176913819	0.0570087413407494	0.10036014736138599
7.765	4.938059100985933	0.8383587985976663	0.05629508408972583	0.0863709716884209
7.775	4.948614547009642	0.8123789963895139	0.05058904104257689	0.0768525287888644
7.785	4.958699037415053	0.7930576631259484	0.0506842130371421	0.06780233192264529
7.795	4.968310352118495	0.7769216681492335	0.04358960603828166	0.05798708062271585
7.805	4.977446437656645	0.7431322275129506	0.03608140538255089	0.044448131628425314
7.815	4.986105408267431	0.7190623201297682	0.032012957982204604	0.03500121306330417
7.825	4.994285546914697	0.6851486055151483	0.021556139783948325	0.02786564949475734
7.835	5.001985306256201	0.6550481398147664	0.01767455217919256	0.02231588346352331
7.845	5.0092033095544775	0.6318677724870494	0.01431282111004517	0.020274761927641993
7.855	5.015938351530203	0.5995630788551096	0.006315604145513909	0.005352901896150231
7.865	5.022189399157602	0.5743550834597876	-0.001106049027211231	-0.0016952405339178966
7.875	5.027955592401573	0.5361898906388991	-0.012565787576854781	-0.00949571665927973
7.885	5.033236244896152	0.5023873685312124	-0.020904185390216767	-0.01491003861942164
7.895	5.038030844563966	0.49319763486997015	-0.026210985680320764	-0.020885134487848234
7.905	5.042339054176358	0.4915689916801842	-0.024016139047331464	-0.01398355777403082
7.915	5.046160711853896	0.49397598241850244	-0.024090692454960205	-0.015141712445696065
7.925	5.049495831506936	0.49286405734917066	-0.020832166985699008	-0.009893242129242141
7.935	5.052344603216027	0.4965464915493695	-0.022938270639227376	-0.010893783742355279
7.945	5.0547073935518885	0.5010726806551201	-0.020774560404036357	-0.0090732378980114
7.955	5.056584745834693	0.5062202396525561	-0.018793721328075108	-0.008430050347685292
7.965	5.057977380332517	0.5019753021819894	-0.020813964219374537	-0.007502810407237437
7.975	5.058886194398722	0.5024266129454241	-0.022024080024800163	-0.0030613254044598026
7.985	5.059312262548096	0.5042187745277589	-0.01928989502712275	-0.0007501105647351736
7.995	5.059256836471637	0.5067434985087123	-0.01717104772754441	0.005290325876226243
8.005	5.0587213449898085	0.50894772644027	-0.02089121973870789	0.00152208185126268
8.015	5.057707393944186	0.5031330124012349	-0.020028711624787032	0.001140895751967852
8.025	5.056216766027412	0.5057166030035058	-0.022604985435683123	-0.0011987296888817944
8.035	5.054251420551328	0.5120087907487835	-0.02003463955967666	-0.0015322249045968128
8.045	5.05181349315332	0.5047943592695306	-0.019278147515338517	0.0031877326154590158
8.055	5.048905295440795	0.5029433310658783	-0.02190226712960941	-0.0038183510106557517
8.065	5.045529314573772	0.5019425985034797	-0.019782607655026485	-0.0035136487660858418
8.075	5.041688212785643	0.5006279106273873	-0.021216218501611817	-0.003413073255286836
8.085	5.037384826842094	0.5058147140390351	-0.022801509212764692	-0.003243918552476188
8.095	5.032622167438257	0.5049055517764638	-0.022294204656477135	-0.006923216660966958
8.105	5.027403418534164	0.5027863534090314	-0.02044450848557844	-0.009280547285291041
8.115	5.021731936628612	0.5014193396473235	-0.022896568995601996	-0.008279757814025457
8.125	5.015611249971503	0.4926939982209199	-0.02416175059898018	-0.013470673229390107
8.135	5.009045057714859	0.5007652660771283	-0.020400357074440212	-0.011930149605086537
8.145	5.002037229002641	0.490914918109989	-0.02520890206207005	-0.01616882476785464
8.155	4.994591801999513	0.5075414682643504	-0.023132547876720366	-0.006801117911480192
8.165	4.986712982858817	0.5204921249542148	-0.014512439002325461	-0.0008516530548232648
8.175	4.978405144629939	0.5347770917272775	-0.008642234177519192	0.002049084918818167
8.185	4.9696728261052705	0.5491797917429753	-0.008800333422858131	0.0005974747554400306
8.195	4.960520730607113	0.5649756684631887	-0.005467347734595229	0.0037484190327190525
8.205	4.950953724714733	0.5838783946418293	-0.00488012383903369	0.006382515851209858
8.215	4.94097683693189	0.5977905394798807	0.0019487911754252352	0.007890092640935764
8.225	4.930595256295165	0.6125398984877819	0.006425263318636354	0.01869133151136282
8.235	4.919814330923454	0.6291860708492492	0.009040513784622561	0.017157352381947266
8.245	4.908639566508916	0.642215216367537	0.008657712674032148	0.024487253453468805
8.255	4.897076624749866	0.6606731725184449	0.014362903818676998	0.02607072008448119
8.265	4.885131321725946	0.673407984930145	0.013379260141575422	0.02577447982987957
8.275	4.8728096262159735	0.6912511119250694	0.01970858396707431	0.03482370548617442
8.285	4.860117657959018	0.6992765946313642	0.025110098752761267	0.03573666463837677
8.295	4.8470616858590825	0.7217505625032704	0.027294053384638417	0.04335396489224874
8.305	4.833648126133891	0.7307506148291559	0.02733265634060711	0.0428327411080931
8.315	4.8198835404083225	0.7488946156663702	0.02735229732524669	0.04906530689618238
8.325	4.80577463375297	0.7601512218094292	0.024460252183923004	0.0447455429749557
8.335	4.791328252668447	0.7789558369525404	0.031529646866141015	0.054291136019293695
8.345	4.776551383015903	0.7885510962273037	0.03309346323412221	0.05288895363235735
8.355	4.76145114789443	0.8067474229501335	0.03699639611965555	0.06119079946866579
8.365	4.746034805465879	0.8217845743289205	0.041292331051254294	0.05773012428479696
8.375	4.7303097467278326	0.8362788446444456	0.04022173560772835	0.05244495068950261
8.385	4.7142834932352455	0.8422570770760295	0.04092632097367055	0.053876090186304015
8.395	4.697963694771463	0.8586939458950342	0.038120381231300016	0.047492336371834476
8.405	4.6813581269694025	0.8746271780649888	0.04489860409891833	0.058164088240499456
8.415	4.664474688883383	0.887617079169065	0.04375196574074991	0.0503945304531892
8.425	4.6473214005125705	0.9077821673381822	0.049077777118449184	0.048517188331363315
8.435	4.62990640027658	0.9120598084872586	0.047842813306737675	0.04927814533905783
8.445	4.612237942444105	0.9253244204908168	0.052579376009180834	0.0513437771157661
8.455	4.594324394515272	0.935181309193658	0.05002608482600568	0.04654590926012547
8.465	4.5761742345586365	0.9572366699806394	0.052408420906065345	0.04320129815341245
8.475	4.557796048503475	0.9657200041860708	0.05075543439837382	0.04880704398675517
8.485	4.539198527388274	0.9796910156454398	0.05198006603978644	0.04799782089037885
8.495	4.5203904645663675	0.9918306211082623	0.05360495391430664	0.0450897863737163
8.505	4.5013807528693155	1.0082805713986709	0.05345407659041346	0.05225740364136566
8.515	4.4821783817292795	1.0183533043796766	0.06278071398301321	0.04955187372624392
8.525	4.4627924342608445	1.0235074041128147	0.05761556116633315	0.051185466089252785
8.535	4.443232084303675	1.0327363821882685	0.053711576758540325	0.04675769231460203
8.545	4.423506593426499	1.0520838783946418	0.054969384501246665	0.051168440983487606
8.555	4.40362530789372	1.0634909214588457	0.05836077955740926	0.050058106533736435
8.565	4.383597655595366	1.0685730730992622	0.05855837916931961	0.05618759706392229
8.575	4.363433142941441	1.0848333420543144	0.05664513884753575	0.05237849072315193
8.585	4.343141351721763	1.0984446130500758	0.06620595427388576	0.056199090732033774
8.595	4.322731935932112	1.1025587358066036	0.0598980626460639	0.05626329407012687
8.605	4.302214618567862	1.1157383182460363	0.06840845527803996	0.06173355444411133
8.615	4.281599188385994	1.131527654230548	0.06907632930601437	0.06155251052740818
8.625	4.260895496636747	1.1364332060070117	0.07008159877438658	0.07185258804257044
8.635	4.240113453765668	1.138545863638742	0.06801302609573145	0.06527251997633998
8.645	4.219263026087455	1.1494885144681073	0.07512665574338495	0.07436644105280532
8.655	4.198354232432441	1.1627138820574539	0.07493293255610478	0.08296936767273833
8.665	4.177397140766885	1.171216838469991	0.06787985431167964	0.07485437043275
8.675	4.15640186478831	1.1834807179111506	0.07656748248525069	0.07804229641677285
8.685	4.135378560496791	1.1976087070273664	0.08107638886654822	0.08644965188795206
8.695	4.114337422743521	1.198086180733609	0.08408409503584924	0.0908825295703779
8.705	4.093288681757636	1.2049474124849564	0.07359476626154748	0.09079514887726825
8.715	4.072242599652681	1.2116058814295432	0.0781205378413814	0.0925322976367835
8.725	4.051209466913573	1.227637224635027	0.08038535136863167	0.09962178775189612
8.735	4.030199598865594	1.2345900266862018	0.08405992218914093	0.10531572510873888
8.745	4.009223332126238	1.2371736172884726	0.08398220941639067	0.09616719380215732
8.755	3.9882910210414684	1.2495813929150752	0.08111365929863545	0.08864310996221292
8.765	3.967413034107272	1.2613743393856942	0.0878562127162148	0.08532749876797885
8.775	3.9465997503779615	1.265318403013971	0.08180306063978371	0.06968774701450631
8.785	3.9258615558622583	1.274658573596358	0.09073776243238107	0.06233729249987441
8.795	3.905208839908615	1.2775692009837267	0.09015758756907033	0.04938238364944292
8.805	3.884651991580769	1.286340327560044	0.09131972080126083	0.03215131092323098
8.815	3.864201396024884	1.2997095913348333	0.09702704291116504	0.016810319394148454
8.825	3.84386743082965	1.3026790853435195	0.09757954244781786	0.005927444313625241
8.835	3.823660462380295	1.3081405996546491	0.10020302445757956	-0.006195520299247637
8.845	3.803590842208183	1.3115090785411543	0.10749430717274855	-0.015785411816034767
8.855	3.783668903336765	1.3177096959866046	0.10226488929194133	-0.03944247823433766
8.865	3.763904956625705	1.3308958191617393	0.09830513116988904	-0.05518761075579626
8.875	3.7443092871139525	1.3255520380932446	0.10663963570794976	-0.0464358839246497
8.885	3.7248921503634476	1.3372207105855267	0.10803966231609152	-0.04215115505968292
8.895	2.2843386691533434	0.32339359531160067	0.026126023122714503	-0.012708342394253891
8.905	2.2564909576760805	0.3173107111087855	0.02163816199747437	-0.016930650432891547
8.915	2.22885233225377	0.31640154884621424	0.025612056475795786	-0.01491950848068424
8.925	2.2014328940306003	0.3170163780021977	0.02505987188766312	-0.012672274988568044
8.935	2.174242696443849	0.3153811940767097	0.02613976122172801	-0.013615794103079004
8.945	2.1472917415971677	0.3158455863115483	0.025380479903221342	-0.015245145124037407
8.955	2.1205899766436467	0.3174938517084402	0.02964389536113421	-0.01031281052366062
8.965	2.094147290179436	0.3164473339961279	0.030551915330812474	-0.00824176348427752
8.975	2.067973508649639	0.3212089895871488	0.03431607357138766	-0.00029152534194654134
8.985	2.042078392767472	0.3216472188791795	0.0342968479402348	0.0011684174730662855
8.995	2.016471633948113	0.3264088744702004	0.03943456067821938	0.004651333130964219
9.005	1.9911628507586034	0.32775626602480246	0.04231575379149621	0.009679381547534449
9.015	1.966161585384924	0.33179844068860864	0.04220128802641243	0.016875399540691505
9.025	1.9414773001176646	0.33124247815394275	0.04490650178401401	0.015228534285544049
9.035	1.917119373857485	0.3373188216210559	0.050993810926640126	0.02432747743614916
9.045	1.8930970986417952	0.340294856365444	0.055133665857557634	0.026227953638927826
9.055	1.869419676193681	0.335003401182565	0.05543424184755752	0.036028605748788634
9.065	1.8460962144946547	0.33714222175710323	0.05544467056908875	0.03176189153639919
9.075	1.8231357243822375	0.3332897284286537	0.052167399598923136	0.029721342376924254
9.085	1.80054711617375	0.32995395322065824	0.0547023815846468	0.031737749087889955
9.095	1.7783391963176416	0.3333943801998849	0.05411926936167477	0.02990929810938403
9.105	1.756520664073447	0.33720108837842083	0.0599523645912603	0.03628016045883675
9.115	1.7351001082217388	0.33107895976139395	0.055341658317232145	0.030765886628187356
9.125	1.7140860038052403	0.32803097692428446	0.057768051184063474	0.033093138428805235
9.135	1.6934867089024004	0.3271021924546073	0.05807003698051405	0.03187143651488478
9.145	1.6733104614346117	0.32432892051697976	0.05653582367652055	0.029349926228639966
9.155	1.6535653760082492	0.32282455130553084	0.05545250746377661	0.02985465825241551
9.165	1.634259440792764	0.3218434409502381	0.05671134577877757	0.031554257630864946
9.175	1.6154005144361099	0.3249633718800691	0.05745786057440316	0.03174277633556255
9.185	1.5969963230185136	0.32464941656637536	0.05810374257388862	0.02928863652031999
9.195	1.579054457045925	0.3254016011720998	0.061278046800295805	0.03532845825370967
9.205	1.5615823684841763	0.3210977970802156	0.05978647637732726	0.028669824227504415
9.215	1.5445873678351636	0.32114358223012923	0.05973575389175512	0.028976892650210084
9.225	1.5280766212559764	0.32364214326827484	0.06364117459099905	0.035516491589169585
9.235	1.5120571477223337	0.3246232536235676	0.06301024690338508	0.032135923135318656
9.245	1.4965358162372449	0.32490450525875153	0.06864793223691557	0.037441136579573486
9.255	1.4815193430860891	0.3301697974988227	0.06656268795331632	0.04009611183087869
9.265	1.4670142891392388	0.32661817801266285	0.06989368715364686	0.04580873169755262
9.275	1.4530270572031991	0.32934566480037675	0.07032091272396723	0.04294102192067528
9.285	1.439563889421395	0.33213855894511013	0.07056261631205052	0.047426473346869225
9.295	1.4266308647255967	0.33279263251530533	0.07304390426007368	0.053071789527025515
9.305	1.4142338963391123	0.33330280990005756	0.07620412702707924	0.05664197723383291
9.315	1.4023787293325927	0.3364292815655905	0.07781051042925347	0.06086888358832343
9.325	1.3910709382336364	0.339614619852441	0.08085044207368153	0.06920199251602865
9.335	1.3803159246910048	0.340693841243263	0.08283550696082553	0.06834166871854552
9.345	1.3701189151945188	0.340020145465962	0.0844003784592342	0.07255806154756872
9.355	1.3604849588515182	0.34604416304745955	0.08883478657533228	0.08252451498013091
9.365	1.351418925220885	0.3476401025587358	0.09129486408557241	0.08212374241701448
9.375	1.34292550220544	0.3529838836272304	0.09100546446091107	0.08503414734244852
9.385	1.335009194003654	0.35263722463502695	0.09529245656982299	0.09263897189976855
9.395	1.3276743191215965	0.357647428182722	0.09544362018480967	0.09217127284662097
9.405	1.3209250084458297	0.3625987651090995	0.09817724727854005	0.09439319561458648
9.415	1.3147652033782578	0.3606823295484276	0.0999050982886498	0.09814524794410473
9.425	1.3091986540335825	0.3665297472659725	0.105742383210087	0.106467574322608
9.435	1.3042289175002453	0.3703429961802103	0.10501815276020743	0.1055221071432656
9.445	1.2998593561655976	0.3757063994558108	0.10873423933821602	0.10945458726756752
9.455	1.296093136106069	0.3730901051750301	0.1081754210713175	0.11212056235647594
9.465	1.292933225543014	0.3813968395165088	0.11327563317316258	0.11623261805690488
9.475	1.2903823933649645	0.3831432159489299	0.1162305997846631	0.12108852523997449
9.485	1.2884432077170136	0.39067814347757834	0.11956020988294425	0.12464671603158739
9.495	1.287118034657879	0.3961200355816022	0.12212881005401277	0.12441962923120098
9.505	1.286409036885426	0.39838967087017946	0.11966861865074341	0.1244333047160433
9.515	1.2863181725311243	0.4037661556171838	0.1296502537547055	0.13861408439297884
9.525	1.2868471940241237	0.4108236094395898	0.13211097825822327	0.13740581998136592
9.535	1.2879976470254493	0.4125372821935011	0.1347629913508741	0.13817308021367714
9.545	1.289770869432932	0.419875987651091	0.13753724232653441	0.14276712515966716
9.555	1.2921679904572931	0.4214588456909633	0.13887278957255633	0.1423412229460681
9.565	1.2951899297699623	0.4298179059180577	0.14245364588548215	0.1482870922094457
9.575	1.298837396723039	0.43751635183925486	0.1465916241222005	0.15249625152074597
9.585	1.3031108896418655	0.4442402281408613	0.15123928829778777	0.15953931120862164
9.595	1.3080106951906152	0.44433833917639054	0.15423464354325933	0.15504134645679524
9.605	1.313536887811303	0.45048009000052325	0.1545768053569887	0.15884366796289684
9.615	1.3196893292365552	0.45952592747632254	0.16212577629884128	0.1652945222817357
9.625	1.3264676680764877	0.4677607137250798	0.1609069868655908	0.16348962491183383
9.635	1.333871339480035	0.47209068075977184	0.16677989765583456	0.1704470661956794
9.645	1.341899564870954	0.47456961959081156	0.1670657355588232	0.1709347641809702
9.655	1.3505513517588168	0.4819410287269112	0.17289004904815286	0.17651060661929208
9.665	1.35982549362519	0.4866961435822301	0.17353778486500593	0.17891808790038133
9.675	1.3697205698852268	0.49975799277902777	0.17855317038508556	0.1855226544460249
9.685	1.3802349459248224	0.5009941918266967	0.18044749038990648	0.1904188600297645
9.695	1.391366773213522	0.5100792737167077	0.1859150785489887	0.19140510016049905
9.705	1.403113989493258	0.5186999633718801	0.18309611055077912	0.19157445615966195
9.715	1.4154743190430557	0.5223300716864633	0.18891928367408228	0.19893710794294228
9.725	1.4284452730197175	0.5305779394066245	0.19085265257265593	0.2010687001732907
9.735	1.4420241498746136	0.5363991941813615	0.191837664156278	0.20084435157399283
9.745	1.4562080358464826	0.5480417037308356	0.1983011727507633	0.21275764485208581
9.755	1.4709938055303127	0.5530584480142327	0.19873662023052585	0.20927087962632496
9.765	1.4863781225222044	0.5671471927162367	0.2010688904526221	0.21389424900304888
9.775	1.5023574401401947	0.5678405107006436	0.2053082074749213	0.21274718164760498
9.785	1.5189280022208638	0.5788093244728167	0.20460470540570874	0.22069440739157908
9.795	1.5360858439916731	0.5902490712155303	0.20801126160983596	0.22091252942636297
9.805	1.5538267930188499	0.597476584166187	0.21334371822749842	0.2339103916305698
9.815	1.5721464702305772	0.5966197477892313	0.21942836523148346	0.22989338283198002
9.825	1.5910402910154031	0.6105515148343885	0.2161543995395041	0.22936197051206086
9.835	1.6105034663954731	0.6224033279263251	0.2183915131819658	0.23164384963108664
9.845	1.6305310042744283	0.6305661660823609	0.22437342290955353	0.23709504089458533
9.855	1.6511177107596327	0.6416200094186594	0.22733944813963092	0.25050687565313057
9.865	1.6722581915584018	0.6448184291769138	0.22642829914356355	0.2471244936463155
9.875	1.6939468534478472	0.6595023808277956	0.23617244490942735	0.2596184087894702
9.885	1.7161779058180187	0.6653432578096384	0.23205169786290192	0.25301202257443123
9.895	1.738945362287902	0.6749058134058918	0.23885910458728787	0.2568613638191237
9.905	1.7622430423937774	0.6680772853330542	0.22842669952760541	0.23970805233892745
9.915	1.7860645733495903	0.669614358223013	0.2201195989489051	0.23455354436810283
9.925	1.8104033918787186	0.6685089738893831	0.22165440242244383	0.23340138815403488
9.935	1.8352527461166823	0.6715700381978965	0.2173438013969342	0.21839715727070952
9.945	-Inf	0.0	0.0	0.0
9.955	-Inf	0.0	0.0	0.0
9.965	-Inf	0.0	0.0	0.0
9.975	-Inf	0.0	0.0	0.0
9.985	-Inf	0.0	0.0	0.0
9.995	-Inf	0.0	0.0	0.0
